gene::160 popu::160
vw_list[0.54679971 0.28366348 0.86373381 0.42512049 0.95618207 0.68159966
 0.71814257 0.93483633 0.3662873  0.97422176 0.02263838 0.78392536
 0.30926838 0.21880509 0.11015423 1.02322998 0.44242098 0.69215132
 0.79033408 0.99693342 0.45335406 0.33749133 0.39377693 0.33008448
 0.03820212 0.18289225 0.73915054 0.63227483 0.72868393 0.74578037
 0.23527184 0.44089164 0.16415786 0.97153093 0.3880325  0.70748261
 1.89332793 0.10385379 0.99160788 0.35210449 0.96236519 1.60782355
 0.94952527 0.38677699 0.86877921 0.99550968 0.59949482 0.57363625
 0.96660605 0.63917509 0.22936242 0.58380871 0.98333627 0.26307213
 0.80829908 0.01751915 0.55109763 0.99231281 0.49741022 0.90371692
 1.65314518 0.10063838 0.61555295 0.33598398 1.11868264 0.62414897
 1.78636701 1.51079635 0.26810336 0.02263588 0.9507019  0.70980172
 0.71148185 0.99891583 0.54465854 0.09001575 0.82934481 0.88157829
 0.52493268 1.90149665 0.34965504 0.70040363 0.02837688 0.51047782
 0.59451951 1.8384596  0.85643526 0.82241126 0.34420817 0.25804516
 0.22096895 0.24184679 0.65222582 0.03053124 0.07193639 0.41175008
 0.25988098 0.00545438 0.36446638 0.84633558]
score108.89166103555704
vw_num::9
collision::0
all_len::1209.9073448395227

gene::160 popu::160
vw_list[0.43847212 0.46635207 0.61885366 0.33914013 0.40059705 0.49050643
 0.1372746  0.72754496 0.74458847 0.82846466 0.72797851 0.28257023
 0.19131322 0.9022189  0.85850857 0.57140636 0.81938876 0.96008166
 0.25760048 0.63893079 0.30527301 0.7721267  0.47542919 0.88386775
 0.13444519 0.91509137 0.21686505 0.35159244 0.26353527 0.07476414
 0.00505718 0.98364756 0.96412622 0.6025025  0.97984194 0.40853562
 0.11713755 0.72320328 0.07673862 0.51336784 0.23593025 0.94373751
 0.43276823 0.61720126 0.74733776 0.84197106 0.92034447 0.39227614
 0.25950436 0.97532625 0.80188037 1.16518795 1.63131128 0.90022169
 1.65759591 0.75585643 0.22622556 0.72234081 0.33598869 0.17746375
 0.69871136 0.40079694 0.08212277 0.76683506 0.40656097 0.92365091
 0.15734256 0.13332164 0.55996747 0.11696947 1.31996098 0.81976513
 0.58998552 0.82142799 0.49520774 0.64377021 0.16690788 0.38274998
 1.57687148 0.55606293 0.84534151 0.73341041 0.74645837 0.96805357
 1.76129893 0.36916516 0.51069491 1.75660067 0.52608072 0.17384615
 0.57249259 0.90597668 0.96467221 1.00221102 0.59782617 0.68595133
 0.84046048 0.37693575 0.80574903 0.37415874]
score97.00079509670745
vw_num::8
collision::0
all_len::1212.509938708843

gene::160 popu::160
vw_list[0.0669618  0.790149   0.46050934 1.41406015 0.19899099 0.91112281
 0.88005988 0.2191817  0.65706531 0.29878967 0.45212154 1.25001266
 0.56828886 0.44695792 0.18712825 0.38465537 0.84188726 0.70122115
 0.33498416 0.70195863 0.03767307 0.59426322 0.25881318 0.0838537
 0.60833096 0.85762885 0.37185475 0.51823633 1.19046948 0.87577529
 0.57950693 0.95448525 0.7519344  0.13264424 0.69750015 0.60290492
 0.55791304 0.72088129 0.40004933 0.48816248 0.18222524 0.35991705
 0.82151563 0.74860437 0.97708046 0.54764425 0.50941943 0.61534487
 0.10442295 0.56806737 0.48576155 0.34542431 1.11235833 0.54928834
 0.29603987 1.00356793 0.54485813 0.58682069 0.46185507 0.2676368
 0.60041273 0.43581958 0.50492988 0.23248482 0.3239088  0.96030177
 1.25634359 0.2543352  0.77363095 0.30475868 0.21259478 0.61667357
 0.46125217 0.50621191 0.34929224 0.6295978  0.35433242 0.38398185
 0.63852995 0.29048563 0.83116219 0.2438255  0.05678079 0.42603395
 0.16867486 0.38429141 1.36132256 0.16575762 0.47339722 0.37108665
 0.72683355 1.94580264 0.58117752 0.42878802 0.39693941 0.42337458
 0.15119637 0.62020023 0.67984876 0.45280355]
score96.81066258840875
vw_num::8
collision::0
all_len::1210.1332823551093

gene::160 popu::160
vw_list[0.80791873 0.08428456 0.06701072 0.78303953 0.25542433 0.85774482
 0.67998181 0.16053771 0.83010369 0.53975718 0.24951185 0.3578526
 0.60947072 0.22949357 0.39448762 0.39593737 0.30976275 0.03123064
 0.32078512 0.93164989 0.55527816 0.11787835 0.20735254 0.6821268
 0.68951209 0.46483704 0.77947258 0.7750206  0.19978264 0.90390811
 0.75881929 0.30620519 1.65255128 0.28236716 0.11883806 0.58705158
 0.51608642 0.28539681 0.17789927 0.40960596 0.37913017 0.54860701
 0.47368549 0.61970361 0.47169356 0.20872124 0.28842174 0.8799367
 0.4169636  0.7887715  0.76174905 0.30714486 0.96050021 0.38044672
 0.04064214 1.92281535 0.22600386 0.90560315 0.63291456 0.33033409
 1.12878871 0.37301909 0.66233705 0.63929068 0.769364   0.10921669
 1.09658932 0.85766675 0.24259987 0.75213776 0.88145201 0.9294899
 1.15884452 0.17262145 0.50363256 0.56382508 0.30956313 0.72838513
 0.49633388 0.65249444 0.46550723 0.72489547 0.97453713 0.45943394
 0.06853447 0.27855116 1.21540908 0.11989058 0.5824502  0.96861388
 1.28950059 0.10885112 0.89506648 0.17513218 0.9259267  0.86145077
 0.77767241 0.41494474 0.90670433 0.54548051]
score84.6974111348084
vw_num::7
collision::0
all_len::1209.9630162115486

gene::160 popu::160
vw_list[0.17040204 0.77792208 0.6594053  1.370703   0.75108293 0.87639479
 1.15279083 0.35280895 0.8956601  0.14492076 0.61954821 0.67405565
 0.28779972 0.15792087 0.81780595 0.50342033 0.46046488 0.20780784
 0.37591469 0.35856298 0.01949599 0.46276532 1.57401236 0.71745558
 0.42305852 0.37782676 0.00614649 0.86785841 0.35862384 0.10218019
 0.21280996 0.16745872 0.44239954 0.66865254 0.96812691 0.23858829
 0.79507388 0.03540472 0.7121934  0.65324049 0.90068354 0.93602173
 0.62145047 0.0715239  0.38701982 0.87753076 0.7344271  0.85557271
 0.93718838 0.56510283 1.06470357 0.10637127 0.16756746 0.17770538
 0.95326694 0.63613795 0.94166458 0.26396705 0.57067523 0.51092199
 0.97101703 0.75152252 0.53610915 0.75962323 0.37580712 0.36626948
 0.35225129 0.67040422 0.90654144 0.83535011 0.54012961 0.73695375
 0.380677   0.16107903 0.57376633 0.83231979 0.70304019 0.34003725
 0.19625629 0.30489768 0.6971635  0.9292942  0.69803919 0.69145075
 0.52988113 0.1376151  0.84420569 1.01579541 0.44656977 0.78919268
 0.66133144 0.02361681 0.83572482 1.5669804  0.84825527 0.26464601
 1.22179677 0.77756187 0.91384053 0.33626886]
score84.75915831221587
vw_num::7
collision::0
all_len::1210.845118745941

gene::160 popu::160
vw_list[0.93463561 0.59360314 0.78898164 0.39746256 0.81742825 0.77817762
 0.67149194 0.76827069 0.91341269 0.97371369 0.23414416 0.59181113
 0.91150918 0.46336261 0.46104446 0.89800883 0.85571    0.55182937
 0.60084668 0.52040946 0.42231689 0.76863321 1.57177883 0.35861069
 0.2865644  0.90121043 0.92298588 0.84639092 0.66806967 0.40773128
 0.31419796 0.9916332  0.67988976 0.22066458 0.20175039 0.48068591
 0.59682851 0.57193298 0.15276967 0.24175412 1.11405146 0.08476459
 0.91444377 1.66799516 0.85315136 0.80740541 0.54837401 0.22998614
 0.72671638 0.4613497  0.95372679 1.40717263 0.50535143 0.72211853
 0.38707536 0.95353442 0.43663337 0.3661525  0.32873397 0.14486335
 0.47115081 0.37861047 0.23887139 0.27681811 0.77904881 0.58384066
 0.6491633  0.39253633 0.1218093  0.54124754 0.46878025 0.86308306
 1.09588625 0.90788819 0.43311063 0.0899089  0.36082963 0.84502092
 0.5558179  0.53689337 0.45683321 0.77239787 0.06311569 0.15790031
 0.23866471 0.12942132 0.79535306 1.35915723 0.43776739 0.76958771
 0.95072949 1.41551576 0.78894742 0.29886005 0.46740852 0.67236765
 0.3885009  0.23451933 0.93374248 0.70232327]
score84.68666058649208
vw_num::7
collision::0
all_len::1209.8094369498867

gene::160 popu::160
vw_list[5.41999802e-01 7.24014831e-02 3.73503607e-01 8.52067206e-01
 3.45086612e-01 1.34880870e+00 7.71214759e-01 6.44909127e-01
 6.75216830e-02 5.00415046e-01 6.57325987e-01 4.46237681e-01
 7.15477820e-01 5.58711239e-01 9.68619865e-01 7.11718335e-01
 8.94200117e-01 3.14770731e-01 9.57233550e-01 4.82595700e-01
 9.40062147e-01 3.14679577e-01 2.59227218e-01 8.29964453e-01
 6.20230735e-01 3.12052124e-01 1.43149056e+00 4.22563414e-01
 3.14711266e-01 5.23137392e-01 3.67087829e-01 1.52356041e-01
 9.05275533e-01 3.58011179e-01 1.66450115e-01 9.20170741e-01
 3.40504205e-02 1.13159085e-01 8.25981247e-01 8.76591819e-01
 9.24437430e-01 8.77735022e-01 8.69717127e-02 8.12262127e-01
 9.45412741e-01 7.73360884e-01 5.65445640e-01 6.01071623e-01
 1.42883394e-01 5.55927420e-01 1.70110945e-01 1.63731440e+00
 8.87718248e-02 3.20450109e-01 1.03049394e+00 7.81907577e-01
 5.17788352e-01 1.39348568e+00 8.22702943e-01 7.40089888e-01
 4.43804005e-01 6.05716328e-01 4.67385825e-04 7.47230784e-01
 6.48074383e-01 7.75830435e-02 1.97660043e-01 1.90164959e+00
 6.84622764e-01 2.94362790e-01 4.83354680e-01 7.18064777e-01
 7.32472954e-01 1.81454965e-01 9.17536423e-02 5.27643003e-01
 8.70027741e-01 8.26502047e-01 7.74102223e-01 9.93883486e-02
 2.83472007e-01 4.31556686e-01 3.63320306e-01 5.36354794e-01
 7.81014583e-01 1.67413763e+00 6.37652198e-01 1.04919277e+00
 9.07280177e-01 6.64888708e-01 8.49410118e-01 7.31629916e-01
 6.12323117e-01 6.34887296e-01 6.97568174e-01 7.21304112e-01
 6.23190049e-01 2.80916919e-01 4.39278613e-02 7.79686561e-01]
score96.41186602924486
vw_num::8
collision::0
all_len::1205.1483253655608

gene::160 popu::160
vw_list[0.62700402 0.81885064 0.84098582 0.20265643 0.70076402 0.59851839
 0.39447059 0.21446117 0.99185287 0.52648366 0.05129098 0.5947065
 0.45413387 0.43362193 0.90593137 0.63181554 0.0678126  0.44802563
 0.99040186 1.35186848 0.9242124  0.71363176 0.26165699 0.82567514
 0.93381098 1.77484398 0.7739421  0.2894681  0.14764558 0.3563436
 0.87997486 0.23979208 0.64381595 0.80081293 1.31479927 0.53343907
 0.15345541 0.13757264 0.84226383 0.71028304 0.62266494 0.74474823
 0.76180605 0.9745173  0.53807316 0.67098608 0.93831117 0.3529914
 0.32313698 0.89219498 0.37651494 0.63216188 0.53792611 0.74869373
 0.8051575  0.87069874 1.39073198 0.33322222 0.81127455 0.63638989
 0.30404308 0.29955471 0.61314301 0.2915501  1.7878234  0.20978429
 0.95417678 1.77626739 0.79759736 0.50410804 0.63851086 0.34679765
 0.7952993  0.54199798 0.94867693 0.33234587 0.66159523 0.70494748
 0.59502448 0.75029001 0.27991719 0.4255569  0.76252997 0.47902479
 0.73552288 0.54078038 1.77555643 0.95790893 0.02206497 0.55563793
 0.20837296 0.98056602 0.07345486 1.10847887 0.61730672 0.18474006
 0.66656038 0.65667232 0.40793658 0.11430012]
score96.7884187736192
vw_num::8
collision::0
all_len::1209.85523467024

gene::160 popu::160
vw_list[0.4608362  0.98414894 0.31627803 0.33469101 0.41310341 0.35221156
 0.55284429 0.74861351 0.78075588 0.05259277 0.22843855 0.84549161
 0.82769587 0.7373844  0.10669655 0.62201633 0.33412071 0.91151453
 0.8247755  0.63229734 0.37284926 0.49375763 0.67090366 0.15951263
 0.86138242 0.94493723 0.19936039 0.58586507 0.74826902 0.7218134
 0.46318723 1.82216906 0.65657161 1.58270456 0.8778585  0.59428946
 0.66123481 0.6306009  0.72822454 0.81415523 0.36831195 0.2952816
 0.3047848  0.30453873 0.85560084 0.87306416 0.91715386 0.08427882
 0.63798648 0.78278436 0.70686328 0.3675966  0.32498372 0.64855347
 0.72277501 0.66663447 0.94498276 0.05382309 0.90064176 0.81302664
 0.596352   0.38681923 0.20300818 0.89750773 0.54280384 0.66222483
 1.14857874 0.93168472 0.09051355 0.03384939 0.32383309 0.64448137
 1.15765931 0.46195677 0.82140897 0.22846291 0.21767233 0.72154372
 0.53631883 0.32084624 0.60835509 0.41811296 0.76908617 0.49478823
 0.64582996 0.26845107 0.84052968 0.95724311 0.74048514 1.59196335
 0.36140884 0.15425063 0.392634   1.64956976 0.5724867  0.50841905
 0.67850921 0.76452045 1.45407157 0.95272178]
score84.81990380509316
vw_num::7
collision::0
all_len::1211.7129115013308

gene::160 popu::160
vw_list[0.2635226  0.86834037 0.53988976 0.94549034 0.90673025 0.45196674
 0.46405425 0.2952518  0.42576481 0.05954212 0.67249602 1.24283645
 0.46761973 0.20706732 0.14878969 0.94690791 0.571153   0.60286135
 0.10407469 0.41606371 0.94487747 0.36536063 0.18833213 0.59360911
 1.29958663 0.21142847 1.50068102 1.22704607 0.93246149 0.25135271
 0.31381257 0.17847029 0.62077442 0.19542453 0.74231603 0.64499337
 0.22938421 0.74971157 0.1422314  0.61546211 0.86546032 0.93865051
 0.6151573  0.48968275 0.86086922 0.95194886 0.37602451 0.65561204
 0.58323371 0.08667329 0.92614078 0.76186241 0.4523786  0.92078035
 0.51780001 0.66718364 0.55443824 0.58820579 0.19800309 0.98221958
 0.97785795 0.34870149 1.18254723 0.81004321 0.43373439 0.16162368
 1.77435334 0.22731371 0.93096368 0.80735178 0.22915459 0.52780814
 0.9850717  0.64021529 0.52959367 0.44278027 0.80348427 0.30599902
 0.76029966 0.6885025  0.613975   0.17626422 0.53948965 0.21274328
 0.95335714 0.36030229 1.49517189 0.10634876 0.7445235  0.86559236
 0.65153755 1.45609456 0.12940508 0.92201627 0.75679212 0.2807171
 0.30302753 0.41107006 0.20263565 0.27833609]
score96.78763900988507
vw_num::8
collision::0
all_len::1209.8454876235633

