gene::80 popu::160
vw_list[0.26418171 0.68728943 0.53426044 0.23548709 0.76724503 0.12777993
 0.25001891 0.14293261 0.54627608 0.17567643 0.02033771 0.87130424
 1.37608886 0.99734325 0.24108224 0.51763859 0.4821412  0.74706048
 0.82462707 0.00715005 0.9226141  0.9689597  0.24810845 0.63230205
 0.4276861  0.76959279 0.02321445 0.76134473 0.13546659 0.70894238
 0.63538203 0.01515221 0.83525551 1.24680269 0.11331219 0.63230537
 0.13044176 0.87420442 0.16769693 0.3252552  0.2640407  0.50449368
 0.86168623 0.77656742 0.47228541 0.44197497 0.12033782 0.60706089
 0.2695925  0.5640932  1.27531629 0.34248344 0.83345422 0.0510445
 0.66176981 0.50337689 1.26806314 0.95408018 0.27134123 0.37909979
 0.91298186 0.11435472 0.75472073 0.00879015]
score75.24573800285346
vw_num::4
collision::0
all_len::1203.9318080456553

