gene::160 popu::160
vw_list[0.23571359 0.36393375 0.14849587 0.94115609 0.65016907 0.0104608
 0.64157522 0.45308774 0.53778155 0.63175587 0.64258941 0.61053086
 0.47762578 0.32622445 0.72919611 0.78547644 0.63151097 0.7170558
 0.39764293 0.29805235 0.87637608 0.25877437 0.54930669 0.42667966
 0.77549977 0.52812032 0.77373098 0.77537795 0.67986148 0.96762927
 0.84646647 0.37656952 0.16697305 0.36169338 0.74898332 0.7829544
 0.67559669 0.61933539 0.47447735 0.5894034  1.60614206 0.15851169
 0.05794315 0.17786099 0.29757667 1.36868389 0.52823302 0.60988231
 0.53269932 0.91788263 1.30386635 0.39131212 0.0522402  0.77700016
 0.68955956 0.10584269 0.39399192 0.65765294 0.56710021 0.8993517
 0.74284637 0.59577808 1.25043732 0.27861011 0.63552297 0.20840185
 1.5637902  0.48558981 0.93980472 0.65271992 0.45924349 0.34739231
 0.43604144 0.76426473 0.61861315 0.24462156 0.96106419 0.44382567
 0.92703637 1.22954918 0.62341588 0.4647909  0.7085326  0.25951776
 0.74226702 0.3712776  0.9784016  1.26766047 0.68653149 0.00874208
 0.46368793 0.88559205 0.94715575 0.75858275 1.28321793 0.01185496
 0.86773739 0.63820365 0.88263376 0.74301602]
score96.77349538588813
vw_num::8
collision::0
all_len::1209.6686923236016

