gene::80 popu::160
vw_list[0.18502115 0.77978036 0.61593923 0.2455936  0.50819497 1.58702003
 0.41475302 0.26246487 0.89816843 0.6560733  0.54083578 0.05082514
 0.54068389 0.36988868 0.58874092 0.56266137 0.65310522 0.59144054
 1.08666353 0.37820365 0.84411591 0.79067613 0.83633927 0.34857802
 0.67057179 0.27031659 0.28225689 0.8561496  0.0437222  0.16694367
 0.0765657  0.69168693 0.79110072 0.80515081 0.56850524 0.73843047
 0.41764143 1.68561262 0.92180726 0.95538424 0.97186035 0.04688137
 0.83937639 0.62640747 0.67827327 0.80340934 0.03520255 0.47791472
 0.60657247 0.4706901  0.41295311 0.39640212 0.70636606 0.76945233
 0.33142387 0.31286766 0.28310144 0.07948806 0.01676787 1.06512605
 0.52533618 0.73173497 0.1127621  0.78197538]
score75.2902718026818
vw_num::4
collision::0
all_len::1204.6443488429088

