[[0.6052750579225521, 0.05442196553994827, 0.9821714334328053, 0.7390281209163715, 0.13694987783488743], [0.8392862083341814, 0.7831394306201405, 1.6325765578929985, 0.8258831276142111, 0.11481673443182139], [1.7710939581642384, 1.6990819491618678, 0.1509002478676449, 0.49178534469242075, 0.5418229601267057], [1.5641510674215962, 0.5807617335027224, 1.4687411747457078, 1.481629447233296, 1.0686807771435942], [0.4981680418642662, 0.950441724655156, 0.69540033586283, 0.7409624418799199, 0.39944979226767297]]

vw_num::7.0
collision::6
all_len::1261.9307405206046
[[0.9413538838269981, 1.5662673240607579, 1.334838904369548, 0.6520474576275308, 0.45499536541443586], [0.25907705916143, 0.1934840434548819, 0.07014083696849238, 0.28817757617945006, 1.0312750635624917], [0.8984463699533564, 1.6421874255756879, 0.6255934611894416, 0.4173356180485239, 0.6996102620606388], [1.2343358097308854, 0.6458377118231278, 0.503867237566834, 0.6910232613240813, 0.28630595114527946], [0.5523176541285459, 0.7218780249602907, 0.6991038490746293, 0.2637144823878239, 0.4491652789597693]]

vw_num::5.0
collision::3
all_len::1225.2794466347118
[[0.017100195075253715, 0.5111125647834918, 0.15116716896647397, 5.689191570201757e-05, 0.7958781420456236], [1.294529225351365, 0.4115451298236791, 0.61836965077287, 1.0690047266801381, 0.6954830371992429], [0.459003309640475, 1.5309012142637253, 0.47246064155009937, 0.9059713470717778, 0.21160856446395537], [0.08023127588416878, 0.31260932467820135, 1.0808541399374298, 0.2365664446813398, 0.8588056376421143], [0.4161194812308938, 0.2612562614794052, 0.7155673283894293, 1.917640705479805, 1.1739343015008603]]

vw_num::6.0
collision::3
all_len::1273.7090188156794
[[0.01631469039790323, 0.2830257938662937, 0.9990985264640524, 0.22819904230288635, 0.6716669821967234], [1.8868665636210744, 0.5140688876282555, 0.7808602888455538, 0.9583717078749723, 0.8627994175057714], [1.6371215502776342, 0.506773996238415, 1.8698863403739978, 0.12556720420176504, 0.5805858525629486], [1.5929467441139098, 1.2582609995365615, 0.21230869804173524, 0.9963320150194801, 0.19416684104523108], [0.8727953444293969, 0.8734203239853104, 0.900028468045132, 1.90272094824083, 0.7878849016287587]]

vw_num::6.0
collision::6
all_len::1229.2694373292707
[[0.5302229947012058, 0.9542671686304783, 1.8936163778378192, 0.9726241501109343, 0.017746839299433326], [1.052208109773605, 0.42585451783416683, 0.2719708926509494, 0.4612354928186615, 0.8338525911393828], [0.8940552451838337, 1.3752979011652038, 0.2584772673003364, 0.09435212536406223, 0.687409848596499], [0.6316490444148917, 1.6799358117754195, 0.919914083311586, 0.6650686036874608, 0.11828369220365537], [0.2914977436221078, 0.4156042672861231, 0.4556981860193925, 0.4598898738639372, 1.4926471756233546]]

vw_num::5.0
collision::10
all_len::1225.1609875711188
[[0.6194058764532573, 0.29072590226723927, 1.0244368723328074, 0.35393729013096475, 0.255529905334327], [0.27737336802813717, 0.2512176050799977, 0.841641202191898, 0.9297078606130302, 0.45799415208180716], [1.0606382938454562, 0.19917312700992085, 0.7774037888562273, 0.7787685568763574, 0.6117935398421892], [0.804069984165728, 1.538707899133466, 0.8827670281013831, 0.22480244866108912, 0.8472277680180997], [0.6183269142669203, 0.9123943858209322, 0.6192892098204481, 0.4951356502814621, 0.533074702489114]]

vw_num::3.0
collision::3
all_len::1202.1535449405092
[[0.3424942882354052, 1.2609688728187056, 0.6818254450764888, 0.3730430766722202, 0.04735980131344819], [0.3879952806591034, 0.8528606477990894, 1.0499381701504749, 0.7404456563415563, 0.11960954258931839], [1.0699366863084472, 0.706162749291239, 0.11718669039557628, 0.2590909126959824, 0.47879132216555687], [1.0009569654134753, 0.7187383277159212, 0.7764238750489365, 0.6232043233227109, 0.5917618346444531], [1.1014108140106909, 0.5180884087809849, 0.09241109403732306, 0.15752495537326094, 0.7523048229225484]]

vw_num::5.0
collision::4
all_len::1225.8568743305498
[[0.18004276222157367, 0.6008372835266114, 0.9286923214471117, 0.6176666193861327, 0.39733810048975027], [0.5699066026814279, 1.8581276718922703, 0.9028312999977622, 0.4137023799756707, 0.9670566520217209], [0.2155948504039181, 0.8097643708067537, 1.0949145315428637, 0.2903991559161012, 0.8610913399754725], [0.4052059591620434, 0.24658096169630084, 0.4648430940131596, 0.978665264649462, 1.3188961132787003], [0.43919166320083836, 0.5587784366109554, 0.6784402253702473, 0.8065145812974925, 0.6359230582194861]]

vw_num::3.0
collision::7
all_len::1209.7940835641537
[[0.9594542228823517, 0.27118693355429757, 1.4481326384043893, 0.4707316278711735, 1.7518392465943018], [1.7656194880064722, 0.5388179630536256, 0.23898584786652266, 0.2586485875041131, 0.673970008281092], [0.06854384721686779, 1.6365582377883658, 0.7067265876482043, 0.11521228303936104, 0.8222132758536247], [0.12130719149987956, 0.15656411576131246, 0.4628928607622915, 0.4833802303482123, 1.3712318512996202], [0.28747417655567475, 0.3719871886104069, 0.6481422927422993, 0.8819196560316662, 0.6184670532441932]]

vw_num::5.0
collision::1
all_len::1224.2694188625014
[[1.8965039085949675, 0.7583709975490296, 1.0107388119242924, 0.39091558104868995, 0.05684626011735405], [0.9690163118709119, 1.3539055159504165, 0.6890798855020634, 0.17058682701823114, 0.49798864108707896], [0.38808047978516647, 0.16187050021746274, 0.35049631068086057, 1.1079295180174231, 0.228773134229304], [0.6248693170691058, 0.7701379151013995, 0.33411043348485525, 1.7293251721221765, 0.8417511836508351], [0.28157231497143875, 0.9909595510255901, 0.8297655406083733, 0.09353282276157837, 0.6477175049142199]]

vw_num::5.0
collision::0
all_len::1241.537210480662
[[0.26075162578072697, 0.7791545515380136, 0.5765774672373558, 0.9142564213433682, 0.3698622816435615], [0.27594790142578574, 0.5598524815284824, 1.4740308960057704, 0.41821655309230793, 0.04640700654948837], [0.7994499747440005, 1.0536575223571694, 0.5448514185295246, 0.8599313222696432, 0.1165849364153908], [0.17174916058017953, 0.7918017194542986, 0.9559732580665965, 0.9477522122441431, 1.689566378614829], [0.502499594407434, 0.5569894598074683, 0.5927667537320371, 0.2522587392521811, 0.3039623805584521]]

vw_num::3.0
collision::8
all_len::1209.5587409679067
[[0.8789765578528214, 0.10310120667665257, 0.9541103458738516, 0.97718858847368, 0.5562788222629194], [0.40944043068935043, 1.6575052392330984, 0.4313418355814913, 0.330364535260426, 0.4317848233106234], [0.12456135253514633, 0.31945398821796367, 1.77523982065809, 0.8007365698750064, 0.034903409895077786], [0.6209044481512904, 0.2230589307855384, 0.5090117161490182, 0.3624602872508229, 1.0624064464770224], [0.8409007028997155, 0.2575093023775914, 0.18721321803712843, 0.3690772866892658, 0.1994148855550113]]

vw_num::3.0
collision::7
all_len::1209.7940835641537
[[0.8503808206408228, 0.9933031008493516, 0.2207187506697128, 0.8286448161588027, 0.7232229125621876], [0.07670252875958528, 0.5934961083376837, 1.4856926722398103, 0.16012059537095524, 0.17436716479281555], [0.4111105626563156, 1.4993374719423014, 0.8895154942400192, 0.20701708392345042, 0.7665272790084956], [0.48883625758671556, 0.12226133790932714, 0.848497183219822, 0.605385365386097, 1.3652992748105612], [0.5211291406274219, 0.9070716071051736, 0.9307697395052958, 0.33732092060770347, 0.29468431877210843]]

vw_num::3.0
collision::8
all_len::1209.5587409679067
[[0.9981239734945397, 0.32106230548641856, 1.15012028204373, 0.25874741232916315, 0.38799338441489084], [0.5483451313666426, 0.09965648468724164, 0.8497459689925475, 0.4883846625906254, 0.053428466725759405], [0.3288064260478485, 0.47617198530555016, 0.14381385006310854, 0.5094847488976775, 1.3538781532124864], [0.806993284236216, 1.318446884736794, 0.12323140004277522, 0.7572340730973495, 0.6026780208703193], [0.5512873115313853, 0.27639618798061183, 0.25027589818145746, 0.8298629119382898, 0.793749714277338]]

vw_num::3.0
collision::3
all_len::1202.150652415165
[[0.6311581587759407, 0.4004341021723956, 0.5608495104507447, 0.1445907502179303, 0.03680758909356174], [0.5828390762010573, 1.8318081453450568, 0.43658049939066446, 0.7377469401354977, 0.8076180927376875], [0.4242023094160432, 0.17592500876217998, 1.3414367625433743, 0.5700330677466228, 0.8229349833667678], [0.7435724182271872, 0.41508608275102343, 0.6304338742258064, 0.660268080003164, 1.5171553076088662], [0.9370266954520801, 0.5700637356829117, 0.04805838206787705, 0.5781561558991358, 0.9693270989915683]]

vw_num::3.0
collision::7
all_len::1209.7940835641537
[[0.9091678026018009, 0.48842603358253034, 0.45439520941011247, 0.11293202223480292, 0.8371203731514372], [0.4718290152280743, 0.603473337762253, 1.2589166511726348, 0.8355149281439336, 0.49983761953591804], [0.6472126981530033, 1.1110640773653324, 0.04314831741401548, 0.9809439534812534, 0.8968917526300004], [1.4739661436622475, 0.7228734568907313, 0.26314624529923103, 0.7961746835681169, 0.9228380250848283], [0.3756357359125373, 0.3421217717530128, 0.6548945021032753, 0.16138202697924825, 0.906712172435445]]

vw_num::3.0
collision::8
all_len::1209.5587409679067
[[0.5611402235145042, 0.7979172234760273, 0.7112730774999072, 0.744247295602124], [1.483734160952493, 0.41858905467669416, 0.9480785336494193, 1.6029265876278387], [0.7287641316862175, 0.9082611858314537, 1.9203655874683692, 0.5471904159097961], [1.3761541165206084, 1.302060046516219, 1.4066457138198902, 0.050787273963275315]]

vw_num::6.0
collision::7
all_len::1233.2538536967809
[[0.8570585374661313, 1.9941372351368352, 0.5399393755317734, 0.7156693864084929], [0.8815436655361097, 0.7752417778466107, 0.5494994130176043, 0.9277034028092677], [1.7442362765599824, 0.15416751443568089, 0.7941611411601239, 1.9189487256993463], [1.9543296285507903, 1.420657877955237, 1.4542386622641181, 1.125936862249914]]

vw_num::7.0
collision::2
all_len::1245.4148835350125
[[0.6012042113316174, 0.8447850296625727, 1.560216058120413, 0.3847207355130197], [0.9707472688950549, 0.30065485667197356, 0.1755557314670928, 0.739606496870611], [1.3050524089633029, 1.5861143573041694, 0.752873824888576, 0.9034864357522647], [0.815993105866636, 0.6470075810425413, 0.4989892527084414, 1.1525335785644701]]

vw_num::4.0
collision::2
all_len::1212.2867784653017
[[0.3338725493225565, 1.2332739508223987, 0.05772616491588378, 0.7732822224358038], [0.4496604361400175, 1.970367118329908, 0.9855634421291906, 0.1584546171930039], [1.7840774374471668, 0.9501707896671171, 0.4630096375380288, 0.5303709628655409], [0.508781548325548, 0.9348940762858613, 1.817184405450183, 0.6036420924403052]]

vw_num::4.0
collision::2
all_len::1237.3857259695676
[[0.08606772800056617, 0.019575132415953433, 1.2769233484611633, 0.21093454732227546], [0.2132499876570435, 0.4454625019844505, 0.4499097862939543, 0.06986241680748995], [1.5002432214296424, 1.2621296558200121, 0.5736802757858686, 1.3846494768987576], [0.3033528214378396, 0.5006704229276124, 0.938514450243481, 0.13863084593702557]]

vw_num::4.0
collision::6
all_len::1225.6735508416866
[[0.3828261666847337, 0.7863905438223799, 0.34133725626287337, 0.683823714019449], [1.8683325950896894, 1.4255507537984928, 0.00022250774093413028, 0.9317615297925054], [0.4507256075521848, 1.3261229203380855, 1.3281042149993785, 0.5250212445116276], [0.8664040241108828, 0.47981107234386955, 0.0712588594814847, 1.9886587660788593]]

vw_num::5.0
collision::7
all_len::1234.293942953942
[[0.06815643982684505, 1.3649607620406645, 1.85337880719961, 0.8210870158392154], [0.12440447594497295, 0.6326341712885262, 0.7308359324156097, 0.711728365355216], [1.5783104540239852, 0.6511421625747709, 0.6227244509273091, 0.7142879077846056], [0.06831390758151268, 0.2990278728224973, 0.6924715317666532, 1.3724836858802596]]

vw_num::4.0
collision::2
all_len::1212.2867784653017
[[0.5064567982065034, 1.1323506570805497, 1.1222700648617518, 1.7454041428148814], [0.3464944637416699, 0.8014716896980347, 0.8177597020443717, 0.2446245037749235], [1.6728783950541248, 0.3139849175244833, 0.20422807992193026, 0.2922322784771463], [0.8663621232529104, 0.023515953299639847, 0.8496359818710388, 0.9408378535890223]]

vw_num::4.0
collision::7
all_len::1240.5702911793835
[[0.473980124119409, 0.6070056679180704, 0.9239578287017147, 0.04344236127178469], [1.2626829312334478, 0.5716752296493144, 0.35407807298969085, 0.21694657162083075], [0.823040176997313, 1.8428818570784882, 0.5381972000413172, 0.9687455540796766], [0.6001862991318159, 0.14028770577817506, 1.8086045500622834, 0.8296115100012602]]

vw_num::3.0
collision::7
all_len::1218.5826648628945
[[0.9540621949320429, 0.8019546664826316, 0.47787254934793766, 0.5862402860177058], [1.008078796697348, 0.38407954220017854, 0.10673449928069934, 0.48634605586094626], [0.662432832542208, 1.4450516702477207, 0.7141894596745266, 0.9630580983036727], [0.6600248588927675, 0.4160182263984402, 1.7658309666351115, 0.5024243481011961]]

vw_num::3.0
collision::7
all_len::1218.5826648628945
[[0.9351519859374906, 1.437369512210763, 1.0382380583763622, 0.3553805284528697], [0.1779944166394234, 0.6503846765469767, 0.10477692191762644, 0.6415941717706151], [1.5605465000826655, 0.22721380596711627, 0.12835683897591132, 0.6604122603974681], [0.90414132407919, 0.35617141607552294, 0.035320122923038655, 1.3147261639609287]]

vw_num::4.0
collision::2
all_len::1212.2867784653017
[[0.3158908131524889, 0.9576704549531037, 0.37504453587707, 0.4769703186751384], [0.6281835728129517, 0.44250672678736946, 0.9721615710695863, 0.7953780155718175], [1.8947685836877457, 0.032853168156499635, 0.0027323240812193728, 0.7139829916382527], [0.34936818960385563, 1.2831987413107178, 1.2747742765930052, 1.17979011339184]]

vw_num::4.0
collision::2
all_len::1245.4148835350125
[[0.8356021349049599, 1.1182326886379332, 1.1927688567268397, 0.6291142971971255], [0.5985204105107149, 0.5485059789547908, 0.6446418309626818, 0.3646346348519942], [1.5577416589631927, 0.9747244516416704, 0.23313428562408367, 0.9012126922974265], [0.644712321413222, 0.192179317058786, 0.5787555047705488, 1.495445494945809]]

vw_num::4.0
collision::2
all_len::1212.2867784653017
[[0.6805872135216986, 0.7644788703223069, 0.13940611749936438, 1.1598744501385965], [0.3687952935549128, 0.47229178208525857, 0.02727412998292933, 0.749843025873492], [1.4405282718957944, 0.1878433362286247, 1.0480572256369312, 0.0072946095987678206], [0.33936215793011115, 1.1779131019481563, 0.8077001790866185, 0.6597517522636507]]

vw_num::4.0
collision::6
all_len::1225.8390341339214
[[0.31446061055009, 1.4556619252576461, 0.6209238920398397, 0.22737630682670018], [0.43955399636479564, 0.43323813248834453, 0.4808596298224765, 0.02642229680000563], [1.786287788277628, 0.2125740106980838, 0.44316059637653915, 0.13082473621421653], [0.8115914163577502, 0.2760709953182148, 1.2799384014928454, 1.8519277143103188]]

vw_num::4.0
collision::2
all_len::1225.6731265989636
[[0.9635914689298763, 0.8466026905434643, 1.6885225208509658, 1.415030898392838], [0.36175491786705694, 0.09275972319107528, 0.5161970179317339, 0.7760662827418838], [1.989337477050605, 0.03114513324318846, 0.9722702606569886, 0.6108277093903032], [0.6394272916154438, 1.0988030943250038, 0.3706692520723054, 0.3949269107184006]]

vw_num::4.0
collision::2
all_len::1225.6731265989636
[[0.652605642721588, 1.8626487955922362, 1.8221862354066896, 1.1341550150422859], [0.34855912525007926, 0.25381849138966084, 0.8085876283749414, 0.45849414028086977], [1.932351266356067, 0.34142863230806686, 0.8406020724938799, 0.4764649648733288], [0.516907379431087, 0.8196908785270081, 0.15486369481989723, 0.3530801596262907]]

vw_num::4.0
collision::7
all_len::1240.5702911793835
[[0.47453239893057964, 0.5098964558099106, 0.9359031084198701, 0.21607521209894887], [1.1773540872651616, 0.011349372092898546, 0.5841750334502656, 0.2321845211363558], [0.5162700187978769, 1.1645811701343183, 0.8932849100846982, 0.5281673667945721], [0.2315716969861169, 0.9437347006192403, 1.6927743663936954, 0.8930353904761033]]

vw_num::3.0
collision::7
all_len::1218.5826648628945
