gene::80 popu::160
vw_list[0.65777568 1.47079981 0.78075126 0.65898826 0.97966421 0.72183486
 0.79834295 0.74909312 0.22144408 0.89439828 0.11608299 0.30871531
 0.57779514 0.29355458 0.43179692 0.25364331 0.99442194 0.76026794
 0.83474526 0.77827705 0.82831935 0.39288264 0.75728674 1.31983337
 0.57895807 0.81030797 0.18635259 1.64587219 0.95000883 0.78719114
 0.48096004 0.80693539 0.05482673 0.59117931 0.7039904  0.84377301
 0.06732038 0.72603565 0.48782484 0.7226575  0.03865287 0.31373788
 0.6675284  0.47618125 0.24566053 0.57533792 0.73922561 0.34290096
 0.30773845 0.42137356 0.26751397 0.24654457 0.53529475 0.95956416
 0.4427983  0.49668569 1.65002699 1.78754726 0.53419335 0.72696935
 0.91114908 0.75102227 0.45248463 0.41048604 0.86284676 0.42351934
 1.50666629 0.38432924 0.75182135 0.4590698  0.90370575 0.68382155
 0.77699461 0.24911875 0.6953427  0.67357408 0.82587443 0.93172018
 0.2757985  1.77487378 0.7632616  0.16062981 0.66192981 0.52961252
 0.43216844 0.4379485  1.35059318 0.41622358 0.92077261 0.90352547
 1.21265685 0.82323362 0.47941824 0.93022509 0.34509548 0.73653382
 0.48936436 0.68009436 0.63719028 0.92559684]
score109.18886839412268
vw_num::9
collision::0
all_len::1213.2096488235854

