<<<<<<< HEAD
gene::160 popu::160
vw_list[0.05502813 0.25757572 0.94550001 1.98666975 0.62314392 0.36106693
 1.41486878 0.51220389 1.86450106 0.07532535 1.59208694 0.48519678
 0.61586688 0.43494957 0.34992764 0.70595895 1.87887877 0.9791857
 1.80456754 0.45707245 0.81194514 0.83913346 0.45568255 0.61320775
 0.01105849 0.39749564 0.28720649 0.73756391 0.0531528  0.06913886
 0.43753199 0.45190842 0.51126155 0.25124749 0.12140916 0.54268849
 0.93474168 0.40106484 0.60741647 0.17169276 0.40332429 0.106964
 0.59146084 0.20892437 0.38240769 0.4267121  0.87109721 0.96003902
 0.48306019 0.92456494 0.88123399 1.53725949 1.91741948 0.8175697
 0.79021601 0.18574721 0.35565699 0.03418303 0.16431601 0.35736629
 0.33947118 0.77253834 0.29804855 0.25685032 0.51074875 0.24706753
 0.47494818 0.73901082 0.91492586 0.37858577 0.38584561 0.9321291
 0.66670471 0.49881026 0.55111655 0.64574711 0.85333335 0.30488714
 0.64643675 0.10966154 0.09274416 0.80501877 0.25379003 0.15195165
 0.76497789 0.22551079 0.57846302 1.57125554 0.71721767 0.44888513
 0.19531244 0.98011804 0.78364861 0.27117317 0.59277767 0.471772
 0.37070396 0.70919494 0.50753104 0.57691819]
score108.45075690821552
vw_num::9
collision::0
all_len::1205.0084100912836

gene::160 popu::80
vw_list[0.1617354  0.64995996 0.87594131 0.20913738 0.90017198 0.84329915
 0.6146762  0.94062658 0.67817268 0.77788489 0.97914963 0.57001385
 0.79592309 0.06938952 0.46858195 0.59714282 0.58914708 0.83451538
 0.03180798 0.58982768 0.32405942 0.4968408  0.09875242 0.28772926
 0.87035315 0.77144183 0.66829871 0.82366236 0.48560861 1.63643102
 0.4179463  0.67443458 0.18851301 0.17118582 0.98514851 0.49504852
 0.56126502 0.46674654 0.21708202 0.61851788 0.28010922 0.70744162
 1.56029288 0.76502258 0.48687276 0.99620207 0.33153869 0.14735051
 0.66135755 0.49734762 1.66443126 0.89878745 1.25087303 0.24566611
 0.72373894 0.21460102 1.81616284 0.09636122 0.80531405 0.67930779
 0.58829024 0.90342099 0.22011925 0.84652653 0.37889054 0.84341456
 0.15433297 0.14460797 0.82115948 0.95217538 1.53062239 0.22476227
 0.1924914  0.28315089 0.54043827 0.87565974 0.52286983 0.67779113
 0.42247811 0.55798467 0.75195554 0.61001551 0.22007895 0.36759142
 0.89275361 0.48949081 0.79060137 0.83117897 1.97372975 0.77810357
 0.24907686 0.20758117 0.35334989 0.66530274 0.35499731 0.63041968
 0.75668736 0.12134454 0.59258774 0.60069985]
score84.35087344312322
vw_num::7
collision::0
all_len::1205.012477758903

gene::160 popu::40
vw_list[0.3658123  0.9493409  0.43692215 0.68733131 0.72799599 0.08686278
 0.8621695  0.30470402 0.94456235 1.40681276 0.64957907 1.22686975
 0.33520127 1.86574635 0.5121832  0.43819507 0.20986629 0.91932905
 0.28742756 0.22300203 0.24998905 1.43118326 1.95208795 0.68893987
 1.82119518 0.71189027 0.60295294 1.79730045 0.26133908 1.87924211
 0.81269111 0.37919347 0.53283573 0.85959685 0.75109681 0.80874571
 0.84906161 0.30713992 0.85816277 0.55016279 0.94155454 0.53445479
 0.42994473 0.64469995 0.29116927 0.40464952 1.67153647 1.7701426
 0.60247774 0.85850424 0.52869099 0.85722991 0.81391022 0.42311276
 0.60554772 1.97904545 0.56513237 0.49042479 0.80965246 0.37353423
 0.96557578 1.62282993 0.22932794 1.30619429 0.4600744  0.05995434
 1.10176139 0.1245806  0.04967866 0.76789244 0.76786423 0.19150078
 0.58622427 0.45724986 1.68506555 0.48596308 0.7411756  0.66784054
 0.54020501 0.65463518 0.2073041  0.00754795 0.64147171 0.16282689
 0.12093172 1.74739069 0.9587956  0.27545155 0.57174881 1.02903768
 0.90047124 0.20995231 0.57115199 0.76874681 0.58650517 0.29363854
 0.13334105 0.88381475 0.04532609 0.15608722]
score205.08973108070177
vw_num::17
collision::0
all_len::1206.4101828276573

gene::160 popu::20
vw_list[0.28764067 0.52986489 1.24014147 0.52630613 1.77512492 0.009711
 1.49322534 0.68282595 1.60191098 1.80352112 1.35028869 1.01700518
 0.55089672 0.52622869 0.29808696 0.54606627 1.17247982 0.57602098
 0.21557719 0.78015655 1.62747123 0.81592164 0.70399088 0.94100098
 0.41861854 0.60796892 0.51540003 0.21985921 0.94497448 0.73034645
 0.75565261 0.58220078 0.54533715 0.64890269 1.923617   0.93233528
 0.5132812  0.06633902 0.57112886 0.5306107  0.41247956 0.90897589
 0.71347674 0.98158839 0.11406694 0.88177045 1.02063374 0.10761002
 0.92627738 1.31365152 0.69221698 0.70467553 0.36218419 0.87981723
 0.45697394 0.30966178 0.20680287 0.53251219 0.07821718 0.03247238
 1.16119585 0.28664707 0.63762898 0.23382896 0.06531645 1.97127958
 1.87534682 0.75614486 0.7128252  0.45924389 0.65054258 0.53051765
 0.55720551 0.48200832 0.84119192 1.58362457 0.8950208  0.61231415
 0.89430286 0.27279837 1.73180695 0.39429598 0.23121107 0.74830806
 0.3034401  0.23763811 0.73136907 0.10743233 0.75231198 1.22683166
 0.05694225 0.46633447 1.80495205 0.9673637  0.81989904 1.61285681
 0.50258374 0.38901692 1.56764249 0.84469537]
score257.1706740765062
vw_num::21
collision::0
all_len::1224.6222575071724

gene::80 popu::160
vw_list[0.98900322 0.39690572 0.61388126 0.35334063 0.19476058 0.93273712
 0.86854298 0.18172336 1.86884141 0.98240861 0.53158041 0.07994937
 0.7368168  0.45730194 1.21880812 0.02865728 0.89449939 0.71518978
 0.55833017 1.43962519 0.0414051  1.40967745 1.04684703 0.84080237
 0.17810721 0.66284907 0.85780056 0.7225132  0.37938266 0.82950379
 0.32668624 0.18575423 0.18551617 0.25194748 0.38284782 1.50014172
 0.766692   0.80591206 0.71023438 0.23548561 0.24643789 0.13569447
 0.47388731 0.54433324 0.82407189 0.27020936 0.63344091 0.73868707
 0.55310844 0.78320558 0.25638303 0.68950704 0.77702931 0.80525139
 0.50280301 0.03810303 0.95435574 0.53119702 0.86867544 0.87180469
 0.94058289 0.5199854  0.99815039 0.83622252 0.62369886 0.18242985
 0.33835961 0.00709074 0.6170876  0.17338867 0.22838089 0.42245233
 0.13046373 0.34013779 0.90851148 0.51429887 0.04149758 0.41998897
 0.02943033 0.113564   1.05810633 0.07376669 0.60132628 0.71215577
 1.68319487 1.0926465  0.38794828 0.63935708 1.00760772 0.68952895
 0.82635377 0.46485643 0.24272225 0.50614836 0.62417728 0.69213705
 0.42655596 0.8415635  0.89265693 0.77215499]
score120.60183147431344
vw_num::10
collision::0
all_len::1206.0183147431344

gene::80 popu::80
vw_list[7.60729313e-01 7.26911405e-01 7.02942905e-01 7.90937720e-01
 8.87958477e-01 5.65167179e-01 1.69595731e-01 3.42072108e-01
 5.01593348e-01 1.39820739e+00 9.91700254e-01 7.76771705e-01
 1.89782930e-01 4.90998165e-01 3.49881470e-01 8.31786065e-01
 1.73184175e+00 7.17901333e-01 8.75428176e-01 3.16804653e-01
 2.51742497e-01 2.06926167e-01 9.89596446e-01 1.11039161e-01
 1.94444547e+00 3.01614644e-01 2.88365889e-01 7.72223801e-01
 1.18417110e+00 8.16400999e-01 7.13090709e-01 9.41569657e-01
 9.21750019e-01 2.75929912e-01 1.77817069e+00 1.30455244e+00
 8.91389386e-01 7.66775944e-01 7.11843755e-02 1.83607018e-01
 9.58960022e-01 9.38087418e-01 8.57859140e-01 1.90572221e-02
 1.71843598e-01 9.79854380e-01 8.86616160e-01 8.78831837e-01
 9.70471911e-01 2.27631235e-01 3.11171197e-01 9.11764159e-01
 4.99229562e-01 9.52735051e-01 9.56279103e-05 3.80225456e-01
 4.12989815e-01 1.96655410e+00 1.64957029e-01 7.66053161e-01
 4.08480531e-02 4.22183999e-01 1.60436989e+00 9.60310989e-01
 4.29396929e-01 5.13116735e-01 6.06642031e-01 6.52703610e-01
 9.31542712e-01 2.35695393e-01 5.93065755e-01 1.71265502e+00
 1.18392980e-01 1.34793634e+00 8.02321975e-01 1.06902309e+00
 9.44447137e-01 3.03502999e-01 1.37334660e+00 7.37911012e-01
 1.11230685e-01 1.81811662e-01 8.74757279e-01 3.04225548e-01
 7.66086011e-01 1.26621541e+00 4.48810742e-01 3.50057631e-01
 9.02018745e-01 5.41316877e-01 6.58140759e-01 7.25213422e-01
 9.16130412e-02 1.26778033e+00 6.41490607e-01 8.65914474e-01
 1.53534239e+00 5.68042918e-01 1.30645564e-02 9.54600437e-01]
score182.88100589741296
vw_num::15
collision::0
all_len::1219.2067059827532

gene::80 popu::40
vw_list[0.78602036 0.65721139 0.27521196 1.97714632 1.70367216 0.57360649
 0.67005891 0.02351381 0.53028172 0.07072662 0.28651562 0.78350351
 0.76090535 1.67254477 0.94313835 0.10311875 1.79289801 0.30124778
 0.85226725 0.00529364 0.75900497 0.83389038 0.23906171 0.39336224
 0.13291118 0.43841889 1.24067569 1.2223958  0.61670411 0.94812044
 0.65705915 1.21856658 1.88780124 0.49728142 0.01518066 0.78972514
 0.20156797 0.12375664 0.92295291 0.85421472 0.42870858 0.37430376
 0.50662782 0.67087895 0.35102194 0.7184193  1.49587292 0.11918969
 0.52182124 1.76328124 0.74351098 1.95730575 0.35350575 0.87959619
 0.88931513 0.51375485 0.9389573  0.66475097 1.63129074 0.62739077
 0.35269218 0.31882499 0.07992554 0.9982769  0.24969306 0.2900386
 1.01506684 1.20962899 1.73681523 0.77443276 0.4331299  0.92853056
 0.83495944 0.02581756 0.40591889 0.86069568 0.20920938 0.39477113
 0.05029608 1.54012898 0.80973039 0.1075718  0.60046284 0.11855351
 1.4156688  0.93666721 0.98549291 0.89697846 0.83493151 1.35333886
 0.33994951 0.70426492 0.33923979 0.78188221 0.12751832 1.21272559
 0.1873889  0.90033228 0.99973314 1.12955441]
score241.3603309619594
vw_num::20
collision::0
all_len::1206.801654809797

gene::80 popu::20
vw_list[0.33254029 0.47909712 0.31870343 0.38463907 1.89839049 0.9034666
 0.89227069 0.67742116 0.86744651 0.1646731  0.22252676 0.60788283
 0.16032738 0.31810739 0.99681875 0.73953083 0.68710265 0.95661434
 0.52586798 1.18468783 0.13538397 0.08431388 1.51552715 0.64960017
 0.74055451 1.19762457 0.7298902  0.44967169 1.29563523 1.54794535
 0.88906476 0.76465492 0.01947668 0.9176552  0.20061052 0.3974489
 0.86135446 0.76508856 0.31427543 0.4734034  0.94357518 0.53125832
 0.0255091  0.48198137 0.62136684 0.21439909 0.46942167 0.41564474
 0.16646314 0.19482888 0.30560327 0.32795723 0.55083415 1.59300712
 0.27402566 0.84407292 0.51199815 0.34875338 1.74427826 0.84579949
 0.11568007 0.04625395 1.99680868 0.6742747  0.58439965 0.93688991
 1.29440715 0.49105996 0.52978377 1.46947091 0.01817204 0.62082629
 0.05416589 0.32487626 0.49120294 1.73703471 0.0963183  0.78628293
 1.90742639 0.43584154 0.68467651 0.93923544 0.21829347 0.57694152
 0.85090597 1.40773301 0.23040276 1.9928204  0.13870052 1.3724432
 0.50993449 0.64261108 0.1640265  1.728407   0.07739232 1.18071372
 0.80164286 0.98793029 0.01039527 1.06905185]
score230.8332432842261
vw_num::19
collision::0
all_len::1214.9118067590848

gene::40 popu::160
vw_list[0.56543724 0.67059801 0.22130294 0.97420455 0.43637977 0.18361962
 1.00277915 0.0617487  0.60958614 0.91542382 0.30202576 0.27952894
 0.71835683 1.24837417 0.61351262 0.6151806  1.27260794 0.04269156
 0.38080889 0.05853772 0.27949063 0.63741431 0.33756667 0.75558087
 1.56444946 0.62455762 0.13321307 0.57635952 0.72169034 0.65409366
 1.30248271 0.90870682 0.96119694 0.85129799 0.32986979 0.68870696
 0.50574378 0.34268854 0.16860033 0.61652711 0.78262548 0.31947257
 1.17349162 0.65795794 1.52969719 0.53967982 0.13050718 1.30496858
 0.55763964 0.87491555 0.21226693 1.76497621 0.45461302 0.28260265
 1.66882751 0.13363897 1.88228933 0.90541291 1.28297087 0.06450567
 0.75189986 0.10159326 1.65410228 0.82805486 0.76108155 0.89194587
 0.56745369 0.83801338 1.46637781 0.6847649  0.46751014 0.58727013
 1.30738508 0.67932666 0.82347821 0.4334413  1.35556448 0.74800855
 0.10835648 1.36326742 0.70372063 0.92508185 0.79218358 0.63279117
 1.99140488 1.99309123 1.45244968 1.75813595 0.21766481 0.83440512
 1.32931589 0.68824653 0.81709117 0.58527919 0.63162252 0.99481052
 0.83402793 0.18009235 0.88648834 0.88391307]
score267.2419704626605
vw_num::22
collision::0
all_len::1214.7362293757296
=======
gene::20 popu::20
vw_list[0.71017271 1.25681265 0.96804246 0.99252244 1.40423896 1.8847424
 1.03848153 1.06815123 0.50568514 1.33785452 1.988967   0.25944275
 0.26011644 0.15068163 0.75334594 0.2432214  0.78953303 0.43305374
 0.03824783 0.86946846 0.01737098 0.61652921 0.83025727 0.78277354
 0.49715212 1.50081419 0.31498239 1.57277306 1.33525374 1.41130535
 0.59435917 1.7221646  0.81912304 0.97717063 0.20268853 0.83900283
 0.47547343 0.38712067 0.88687989 0.93961506 0.19964617 0.22512138
 0.72623893 0.91433969 0.25098725 1.90923981 0.14415481 1.85610441
 0.49870192 0.28140683 1.90238602 1.04713227 1.38355949 0.08767869
 1.79886774 1.01939938 0.32331884 0.78343369 1.71868512 0.81177262
 0.96519723 0.92369765 1.43384641 0.00638198 0.75888585 0.32592561
 0.58144532 1.8370611  1.34054005 0.30541811 1.61450413 0.35105363
 0.98230388 0.61415062 0.94150095 0.34802869 0.13979954 1.73946544
 1.81835342 0.35142363 1.36232986 0.77857598 0.66101968 0.31470588
 1.30647971 0.02090987 1.13086742 0.85560823 0.79468243 0.28189498
 1.94085925 0.33634671 1.73313408 1.67627375 1.59519844 0.47032981
 0.68976494 1.79128981 0.69660903 0.47121822]
score424.21754188152863
vw_num::34
collision::0
all_len::1247.6986525927312

gene::20 popu::40
vw_list[0.28850103 0.8424222  0.05840422 0.20503327 0.51402372 1.16756053
 1.87587294 0.68444264 1.44866728 0.77297451 0.28999477 0.91399353
 0.10390401 0.84552044 0.52576525 0.94293312 0.52627722 0.59163245
 0.79877114 1.14610535 0.56719422 1.03527641 0.5491902  0.26964409
 0.18185934 0.41973178 0.60932629 1.64938363 1.27859108 0.67381197
 1.92169017 0.92800755 0.70106436 0.1072709  0.39902599 1.5363436
 0.19926073 0.53948214 0.24191326 1.64697396 1.79587283 1.31222082
 0.4743254  0.64163073 1.44640951 1.58229056 0.03138315 0.17484428
 0.84690588 0.87725621 0.23800991 0.66585395 0.79894687 1.82633324
 0.15715688 0.2931078  1.99949408 0.28780451 0.96295022 0.76649325
 0.00861366 0.35491922 0.58217802 1.90371364 0.75867937 1.44305373
 0.91082909 1.82298558 0.58264401 0.87802292 0.46851706 0.36559451
 0.39679957 0.01989043 1.71613297 0.62747491 1.77206608 1.56151116
 1.24984479 1.97659485 0.16186158 0.95933703 0.97023006 0.33800586
 0.38285039 0.76304818 1.90297864 0.91706838 1.05558704 1.53292403
 0.99134313 0.97933195 0.45417152 1.0725808  0.22237536 0.99343897
 0.97665668 0.90825741 0.88138447 0.89641975]
score350.37341345526346
vw_num::28
collision::0
all_len::1251.3336194830836

gene::20 popu::80
vw_list[2.50499066e-01 2.70249857e-01 1.58116308e-01 2.79935542e-01
 1.44475367e+00 1.56236630e+00 5.55501462e-01 9.55496333e-01
 1.23041770e+00 1.66060731e+00 1.97931419e+00 1.29112366e+00
 1.63768356e+00 9.14438155e-01 1.04384411e+00 1.16440469e+00
 5.43403767e-01 8.44007333e-01 1.61936316e+00 6.64039182e-01
 6.33190982e-01 6.46200578e-01 5.52902166e-01 9.23513194e-01
 7.64781044e-01 7.09028339e-01 9.63331693e-01 5.28543996e-01
 3.73819094e-01 7.50704546e-01 6.11974177e-02 1.53365769e+00
 3.28461058e-01 9.18084790e-01 3.02995527e-01 4.52414697e-01
 9.74317572e-01 9.98273580e-01 1.30808923e-01 7.50204547e-01
 4.10551200e-01 1.20673684e+00 4.73061420e-01 1.47099688e-01
 8.96094836e-01 1.75231056e+00 7.39830314e-01 7.92773637e-01
 9.39452405e-01 1.57738850e+00 1.59894144e+00 5.96080950e-01
 1.25423044e-01 3.03374160e-01 5.07344763e-01 3.46358320e-01
 1.04356788e-01 9.98885499e-01 8.71589938e-01 1.25807793e+00
 1.03004686e+00 4.29965967e-03 2.60857092e-01 8.59223108e-01
 1.32593552e+00 5.18791842e-01 1.31080053e+00 8.71707081e-01
 6.98371220e-01 5.56432956e-01 2.74417030e-01 1.83537067e+00
 1.51593577e-03 4.91002061e-01 1.10792989e+00 1.99467727e-01
 1.43451023e+00 7.63370345e-01 1.15936897e+00 8.04162051e-01
 8.42382025e-01 5.63955094e-01 6.90384354e-01 6.47108997e-01
 2.82509501e-01 2.26656608e-01 9.47611163e-01 2.13432451e-01
 1.23181111e+00 1.44440989e-01 6.53049092e-01 6.69185556e-01
 4.29059507e-01 7.60128109e-01 6.39740020e-01 1.95220057e-01
 8.90187547e-02 3.11711010e-01 1.72133195e+00 1.46924198e+00]
score316.5976418391267
vw_num::26
collision::0
all_len::1217.683237842795

gene::20 popu::160
vw_list[0.77490038 0.86396307 1.27822285 1.74040292 0.94461795 1.21807049
 1.33586309 1.96790229 1.54901921 1.2405843  0.13589276 1.7382314
 0.51056331 0.94919948 0.12208423 0.96594463 1.10579124 0.05660943
 1.41257682 0.84686814 0.7821105  0.44570514 0.81346031 0.32056801
 0.66925156 0.30921263 0.30130634 0.45164438 1.00121101 1.53235238
 1.14407146 0.37843835 0.65530735 0.9094675  0.92509623 0.10373077
 1.07286265 0.97085709 0.72984498 0.62160436 0.53821323 0.46265542
 0.85477125 0.01545786 0.86049903 1.87763736 0.93821779 0.15923916
 0.93119725 0.41958879 0.28144419 0.82053636 1.98688747 0.65290675
 0.25269958 0.7904675  1.35941793 0.46191035 0.02928686 0.67006839
 0.32246659 1.97328999 0.72209085 0.50445816 0.28245268 0.29395681
 1.31077281 0.48570028 0.75336027 0.17931027 0.88955159 0.75981495
 0.95109763 0.49776894 1.66944142 0.74889506 0.94913941 0.64612801
 1.0540538  0.59569993 0.9823631  1.1107918  0.94014478 0.42662216
 0.78222285 0.41686311 1.69582955 0.77866566 0.79550462 1.2810637
 0.63533345 0.28968777 0.78836439 0.61466175 0.86341122 0.6909733
 0.21094936 0.01236199 0.98890408 0.26702129]
score292.58800584622924
vw_num::24
collision::0
all_len::1219.116691025955

gene::40 popu::20
vw_list[8.30914643e-02 2.71980319e-01 6.13433702e-01 9.86418701e-01
 1.93916869e-01 1.78176297e+00 1.95686142e+00 7.22802956e-02
 9.80443721e-01 1.78921419e+00 9.74183917e-01 9.46617322e-01
 3.72735063e-01 1.04738916e+00 2.31263841e-01 9.69010430e-02
 2.29549339e-01 5.90643657e-01 4.95712930e-02 8.20906080e-01
 4.71815639e-01 1.96370143e+00 6.75489796e-01 1.06605786e-02
 1.80025830e+00 2.47764320e-01 1.19514093e+00 9.58185852e-01
 5.95563746e-01 1.12980359e-01 2.24246016e-01 1.53301187e+00
 2.86394826e-01 2.55260668e-01 9.58380087e-01 4.13182827e-01
 6.63326405e-01 6.62661160e-01 8.65947466e-01 9.49205895e-01
 9.82150282e-01 1.63162211e+00 1.77290959e+00 7.29330214e-01
 1.80441392e+00 4.44036321e-01 1.74030315e+00 9.23894980e-01
 8.96017658e-01 1.54780351e+00 2.66800287e-02 5.15002704e-01
 5.49654876e-01 1.14335455e-01 9.81384350e-02 9.52792842e-01
 1.85256771e+00 1.38437532e+00 9.22618240e-01 3.03810022e-01
 2.65483101e-01 1.32974338e+00 7.74857350e-01 1.43511968e+00
 8.89074626e-02 6.76242129e-01 1.17805037e+00 1.01200670e+00
 1.12828259e+00 6.18145951e-02 1.24325784e+00 6.84761480e-01
 3.65999979e-01 1.05730409e+00 1.18417827e+00 6.59931928e-01
 3.09431997e-01 1.74778715e+00 1.27166998e+00 1.08240827e-03
 8.83982908e-01 3.03524874e-01 2.86275545e-01 3.54266231e-01
 1.09924252e+00 8.95149592e-01 3.45445970e-01 8.14938547e-01
 1.44594401e+00 4.33323129e-01 2.67180603e-01 5.11579734e-01
 6.21389622e-01 1.93635550e-01 3.27733107e-01 8.39846611e-01
 2.65957751e-01 1.50467675e+00 4.17618996e-01 1.90561040e-02]
score340.5434975962817
vw_num::28
collision::0
all_len::1216.2267771295774

gene::40 popu::40
vw_list[0.62141969 0.49857872 0.92163761 0.72537839 0.85726999 0.42875877
 0.9406337  1.1895315  0.02280955 1.79066685 1.43666678 1.08445165
 0.3171812  0.97095645 0.1882655  0.59250358 1.29157295 0.82240844
 1.02393826 0.77100397 0.45841502 0.71383843 0.32171685 1.84449077
 0.4038723  0.89184886 0.04977769 1.02423888 0.31580535 0.99752524
 0.50323774 0.46284874 0.3721549  1.48368502 0.22300334 0.71219783
 0.44806311 0.66598958 0.60073137 0.25149088 0.24597557 0.72056238
 0.4016553  0.61666505 1.27072077 0.31044918 0.6655164  0.25117424
 0.35536122 0.58190121 0.9452791  0.98587299 0.95666207 0.85157599
 0.29523157 0.46728843 0.04810586 0.03997521 1.57010454 0.78408031
 0.61071371 0.85395292 0.7437221  1.82634907 1.55919593 0.45817174
 0.95107472 0.78059904 0.49714276 0.36013862 0.90430143 1.33696215
 0.23745503 1.33006251 0.18975772 0.683031   0.5182139  0.67971521
 0.16424584 0.61245914 0.86678915 1.4385043  0.73944483 1.13779576
 0.44516691 0.91586826 0.81550296 0.67030756 0.00645459 1.39456948
 1.53429919 1.33025048 1.51716439 0.3225872  1.2118819  0.57550133
 1.22184675 0.08005919 0.64663038 0.72229805]
score285.56397384145123
vw_num::23
collision::0
all_len::1241.5824949628313

gene::40 popu::80
vw_list[1.83534724 0.01347971 0.41135767 0.79022489 0.16875789 0.77040572
 0.98029095 0.56890776 0.49562268 0.28270822 0.37260404 0.43651743
 1.38624143 0.05574078 0.57572113 0.9442963  0.93000632 0.36788277
 0.41040172 0.92091983 0.67563077 0.61400501 0.61726967 0.77326508
 0.10434233 0.57435624 0.74692245 0.50898808 0.50253219 1.83703889
 1.85677938 1.3794701  0.02477287 0.83511223 0.72740666 1.85688898
 0.70967142 0.21732915 0.11706421 0.28229389 0.44557763 0.26362002
 0.78112    0.66353844 0.95369296 0.57068385 0.29354031 0.32598986
 0.65715387 0.87970523 0.47790371 0.24468313 1.65958011 0.98539772
 0.54594984 0.52155642 0.71401817 0.3895137  0.75037458 1.48162282
 0.23083685 0.62137122 0.50982125 0.07597055 0.8670281  0.4564838
 1.43733359 1.02010793 0.5112008  0.56278151 0.86444741 0.08372247
 0.06639123 0.90499301 1.94574089 0.52128439 1.00477238 0.16383851
 0.42322657 0.88399406 0.35877512 1.95109223 1.72272289 0.90050019
 0.38898803 1.30121033 0.16724479 1.48537007 0.15669382 1.81643006
 1.82848683 0.43307423 1.21593925 1.14580511 0.73071184 0.10193096
 1.80313623 0.89101751 0.29051723 0.54067378]
score258.4442186734697
vw_num::21
collision::0
all_len::1230.686755587951
>>>>>>> 16980ca4676e1340b9194fde184c3d491faf5fa8

