gene::160 popu::160
vw_list[0.1071873  0.8227288  0.45521202 0.75176793 0.12256704 0.47968786
 0.86543884 1.21443343 0.78419982 0.5850014  0.71482033 0.89050334
 0.48564093 0.48810248 0.32508628 0.74012721 0.75394378 0.93484487
 0.45621459 0.90793577 0.66137142 0.68858591 0.83669945 0.92192521
 0.98631386 0.45354533 0.87060263 0.73698772 0.89513175 0.96624049
 0.77531647 0.15604288 0.40074524 0.90190548 0.5356012  0.90641112
 0.27835952 0.85820529 0.09366957 1.23021512 1.45400803 0.97948003
 0.48790688 0.39530952 0.22523226 0.24208935 0.20259115 0.55924249
 0.98061712 0.26447306 0.66172411 0.98318456 1.66357928 0.55911613
 1.91871633 0.30906011 0.71051015 0.22724505 0.49677497 0.62192129
 1.08226956 0.79206481 0.94980026 0.51940107 0.66135843 0.86630498
 1.20933408 0.43685823 0.64519291 0.81352983 0.46572256 0.59010109
 0.67340886 0.75513871 0.69991251 0.61954428 0.13520498 0.98996374
 0.91197226 0.64065939 0.97301351 0.93635568 1.05338648 0.65194042
 0.53238944 0.87567824 0.73525421 0.87207033 0.29622178 0.61820982
 0.66383557 0.61342686 0.87021172 0.95956354 0.72615302 0.40468846
 0.25531207 0.54141117 0.95348498 0.13077508]
score96.95249024382673
vw_num::8
collision::0
all_len::1211.906128047834

