gene::80 popu::160
vw_list[0.54708761 1.39458715 0.4080742  0.35774651 0.98442345 0.9614227
 0.73552977 1.09402813 0.52641381 0.70269207 0.45036364 0.17137131
 0.66504647 1.99663417 0.39811533 0.48461079 0.68013354 0.48440352
 0.94126477 1.69565053 0.336421   0.71562477 0.40626032 0.21708344
 0.61062918 0.97619611 0.51177178 0.8497852  0.9537227  0.26485145
 1.93702376 0.89355382 0.58403526 0.25517211 0.551093   0.5168586
 0.37732959 0.48968021 0.08676669 0.31540102 0.08125962 0.85016975
 0.87198225 0.67275054 0.36496865 0.42387469 0.23020762 0.64830868
 0.97024845 0.78957093 0.89320285 0.64865327 0.78662342 0.32855288
 1.04085469 0.76819972 0.94582916 0.83904464 0.55632636 0.21803419
 0.26537155 0.25351182 0.61545669 0.35689744 0.87901338 0.25358573
 0.86297716 0.64118872 0.54057932 0.7503443  0.82908929 0.15765247
 0.25227805 0.65565391 0.56234965 0.17517316 0.51375326 0.22416893
 0.00791721 0.43766458 0.36172213 0.01838541 0.76308993 0.96957808
 0.63450406 0.16689329 0.12781903 1.99408871 0.3904248  0.78451009
 0.53166038 1.97122866 0.21745417 0.60816929 0.46499718 0.11573478
 0.56558341 0.20669265 1.51946295 0.08710348]
score109.00113719911246
vw_num::9
collision::0
all_len::1211.1237466568052

