gene::10 popu::10
vw_list[0.70089932 0.08120251 0.59918685 1.73042614 0.05390132 0.9412144
 0.26838459 0.39032299 1.13722822 1.73998125 0.67269194 1.0723908
 0.61317315 0.79975592 0.36820783 0.66563651 0.25508254 1.5419214
 0.38817104 1.81826568 1.10120561 0.88849325 0.05217303 1.95384918
 1.14747269 0.16205184 0.01580045 1.13002805 1.67436735 0.67246038
 1.89233844 1.07218681 0.06190069 0.79634607 1.06664922 0.46989127
 0.34734878 0.29386216 0.1263453  1.61082841 1.22318128 0.67394926
 0.52731244 1.44425172 1.87052213 1.60216859 0.75973308 0.37756173
 0.72099749 1.45804968 1.65604864 1.20151819 1.74683494 0.3669659
 0.76693795 0.61695564 1.10445318 0.67195993 0.79437679 0.35130663
 1.84171816 0.56220519 0.59823353 1.49569421 0.96426508 1.52580405
 0.81838914 1.34108438 0.53866392 1.0778915  0.52177541 0.51072989
 1.28027972 0.33020612 1.08867767 0.32689289 1.62292858 1.47954264
 1.51021316 1.71383904 0.00960251 0.91476735 0.81275885 0.50435475
 0.56916846 0.14909218 0.73284914 1.14247818 0.19169079 0.47873867
 0.64806877 0.00875607 0.59057518 0.85907867 1.07442974 0.11478058
 0.26760246 0.54166247 0.71058688 1.32436237]
score483.8359652009869
vw_num::38
collision::0
all_len::1273.252540002597

gene::160 popu::160
vw_list[0.38541404 0.55655784 0.54495979 0.72644318 0.99932725 0.16402632
 0.89666848 0.88982223 0.48793485 0.5535453  0.44086586 0.76471429
 0.1966973  1.22060576 0.57573317 0.34015175 0.78409881 0.81027313
 0.13965739 0.95842043 0.94545192 1.62634403 0.87887635 0.21170675
 0.32435543 0.80930747 0.27649078 0.91540014 0.88575615 0.69558511
 0.39618442 0.41085794 0.19214946 0.0442589  0.43613351 0.700009
 0.38643361 0.67456529 1.69212049 0.88665758 1.75545925 0.79854063
 0.87590359 0.84849547 1.11069302 0.18227931 0.61907221 0.591421
 0.66238867 0.43858057 0.5517655  0.25746227 1.42984081 0.5644002
 0.95297158 0.8471726  0.62433754 1.09828706 0.61657505 0.60650718
 0.7721007  0.03851919 0.80925488 0.99009829 0.5915309  0.49570898
 0.53206716 0.85882376 0.59882403 0.34390859 0.2859014  1.65305171
 0.86498488 0.65672421 0.60245072 0.95253655 0.89160704 0.71976132
 0.67469199 0.82959821 0.1381422  0.55218853 0.24295644 0.40910463
 0.31171867 0.95488305 0.04557427 0.68344747 0.49530873 0.61938002
 0.02792777 0.63116361 0.63728808 0.82966948 0.60048545 0.87771174
 0.45870656 0.35770091 0.37239545 0.94524456]
score96.84164767998317
vw_num::8
collision::0
all_len::1210.5205959997895

gene::160 popu::160
vw_list[0.57050538 0.27589555 0.01044048 0.38257777 0.3357441  0.91950686
 0.40055158 0.61579438 0.17019316 0.07518453 0.74620087 0.77987374
 0.25898859 0.20056135 0.38455574 0.65201442 0.7519366  0.34101083
 1.54733151 0.79024182 0.29251834 0.52871988 0.39371616 0.27864651
 1.77771945 0.36469289 0.16166072 0.36231816 0.73292189 0.47999437
 0.06624642 0.93881534 0.99552692 0.81732649 0.46872312 0.3162022
 0.45797852 0.37627047 0.77300908 0.90827037 0.08053361 0.86836129
 0.10461965 0.91383922 0.84972877 0.5493933  0.54727835 0.23059967
 0.44156277 1.55642828 0.26231191 0.19620493 0.43387338 0.54389736
 0.55711186 0.32901197 0.96525578 0.5316683  0.18030912 0.88386825
 0.3312862  1.11151558 1.7321569  0.47418837 0.0657472  0.76394582
 0.75058691 0.80642392 0.38025443 0.68690229 0.87132784 0.05852614
 0.79756701 0.90972671 0.19785874 1.13965575 0.76801123 0.56852706
 0.88114654 0.83274581 0.52109301 0.52412702 0.16537192 0.15576502
 0.83710201 1.27855233 0.81971595 0.98519755 0.6512823  0.37182819
 0.47071061 0.81382439 0.82797973 1.82707311 0.01046505 0.28953773
 0.09906938 0.74828762 0.98057326 0.87229643]
score96.86349962343483
vw_num::8
collision::0
all_len::1210.7937452929355

gene::160 popu::160
vw_list[0.95134821 0.19754905 0.88365289 0.49797764 0.67174419 0.81505582
 0.25788297 0.48084665 0.44565966 1.2895419  0.40279182 0.61363881
 1.24423955 0.28219739 0.9369814  0.86802679 0.29116037 0.6764861
 0.8196618  1.02941594 0.07696875 0.18384739 0.31871405 0.27930191
 0.02980084 0.84918831 0.28449701 0.47129471 0.2223054  0.39215849
 0.50023967 0.29732952 0.58883804 0.55409005 0.55386267 0.19693954
 0.82993232 0.75952837 0.53379731 0.54915331 0.30344576 0.32079728
 0.40056477 0.56541179 0.47133423 0.58358059 0.81927619 0.12234083
 1.09746648 0.42256046 0.6774482  1.26179722 0.20803293 0.58142385
 0.66676949 0.17095552 0.63880808 0.77360398 0.27537179 0.32756663
 0.52548983 0.8524279  1.0288941  0.78523854 0.66195739 0.48972249
 0.08151804 0.0289316  0.37890244 0.04891606 1.3604084  0.03984612
 0.42879718 0.45511352 1.8725133  0.74507318 0.6282964  0.33519683
 0.51645962 0.54858038 0.44410216 0.63909984 0.00874782 0.62180682
 0.12191769 0.63707575 1.07526135 0.99016078 0.87201027 0.21538658
 0.52806589 0.45050178 0.58257417 0.90835998 1.25432421 0.1674681
 0.37417893 0.84972639 0.39962865 0.67722995]
score120.98677091542582
vw_num::10
collision::0
all_len::1209.8677091542581

gene::160 popu::160
vw_list[0.11193123 0.32410662 0.80962217 0.68765739 0.14545484 0.20462143
 0.94284411 0.28992038 0.31249394 0.64330785 0.75693679 0.52153307
 0.65638783 0.89716393 0.46630714 0.75480675 0.83126802 0.36904077
 1.83184171 0.85589568 1.76376418 0.92520468 0.38525115 0.40287845
 0.04903965 0.52225553 0.05919799 0.62070066 0.75916308 0.72789857
 0.57076002 0.7291022  0.76479954 0.58136411 0.36698756 0.43293226
 0.74797198 1.37846316 0.86113255 0.31687411 0.59031673 0.25955847
 0.30790832 0.64440586 0.13158679 0.20469173 0.36061992 0.64307316
 0.23155591 0.60536906 0.6841233  1.11718016 1.51539974 0.69042085
 0.90527997 0.65956861 0.82734288 0.17205005 0.85693298 0.94461189
 0.3972045  0.59146313 0.6471344  0.02790094 0.79688959 0.2395096
 0.20048497 0.22801209 0.81086254 0.50206012 0.1984638  0.21600256
 0.98331015 0.85783881 0.94700147 0.37895913 0.89386216 1.87447798
 0.61966136 0.46578117 0.0703304  0.41179789 0.79327587 0.92857542
 0.06225505 0.55640676 1.66294023 0.85894484 0.99842982 0.88333505
 0.4367168  0.23792326 0.14888657 1.67347162 0.83973185 0.66594401
 0.78030714 0.05080631 0.18196979 0.65456571]
score96.8140046210477
vw_num::8
collision::0
all_len::1210.1750577630962

gene::160 popu::160
vw_list[0.3881244  0.89282305 0.93942009 0.28082211 0.29983524 0.890762
 0.51266198 0.46798283 1.06925556 0.49453178 0.53913519 0.69602506
 0.00550331 0.99040177 0.94905682 0.51841456 1.31482772 1.4818162
 0.04623961 0.07719409 0.98393151 0.23742041 0.20776834 0.65497118
 0.82477042 0.67049469 0.20334124 0.152941   0.40669208 0.15803342
 0.21879246 0.9177605  0.55032935 0.25714716 0.51390732 0.48030266
 1.99194213 0.79150618 0.75019171 0.62762938 0.79208622 0.14056896
 0.3664058  0.11572764 0.64905744 1.65522182 0.299001   1.48110672
 0.67164215 0.64256981 0.41022274 0.59182455 0.47455595 0.43743418
 0.44476196 0.80139525 0.95204183 0.07990025 0.59834743 0.4403116
 0.31565671 0.06319245 0.8075556  0.92747697 0.95620623 0.61285669
 0.06881721 0.34492173 0.22679936 0.93372995 0.65630669 0.63904496
 0.28754223 0.78202793 0.27769341 0.64449452 0.55066904 0.05661348
 0.68281717 0.10946189 0.49140657 0.29354675 0.37013572 0.7629216
 0.77707967 0.69392159 0.57687342 0.86005552 1.07841954 0.81971082
 0.51043371 1.44648291 0.73075072 0.06913851 0.22799776 0.37059877
 0.11279416 0.82917663 0.0281114  0.30413523]
score96.89868808763197
vw_num::8
collision::0
all_len::1211.2336010953995

gene::160 popu::160
vw_list[0.62423612 0.35880603 0.05349089 0.32091985 0.59766388 0.77431796
 0.62294682 0.82743309 0.30513536 0.69712167 0.90308826 0.67921786
 0.18449639 0.19513711 0.26139182 0.90776752 0.72778981 0.95455805
 0.54455347 0.94712051 0.29442545 0.54126393 0.9556549  1.53056631
 0.25261495 0.77688414 0.41887196 0.02605977 0.72348431 0.11792223
 0.62766592 0.69965807 0.80378518 0.04387614 0.39388245 0.48389705
 0.6024562  0.98197432 0.09271593 0.92998642 0.68686794 0.10284527
 0.53147671 0.90657372 0.30065608 0.61779697 0.18169964 0.62907684
 0.6346636  0.83418696 0.64585254 0.5670827  1.21270013 0.22685535
 0.4404132  0.88979007 0.54232744 0.88150591 0.8823101  1.07812373
 0.23374022 1.60635798 0.80806939 0.86933992 0.62829995 0.6074886
 0.72668751 0.44162807 0.04667917 0.86355113 1.82327938 0.49031419
 0.56323064 0.14246145 0.82726328 0.21588264 0.4763005  0.60909263
 0.14085729 0.40540704 0.27317928 0.52108021 0.86873851 0.10228033
 0.73743814 0.06883416 0.65782358 1.38042167 0.13528307 0.58203885
 1.29083791 1.35934125 0.66877458 0.36393617 0.77595942 0.70765875
 0.64732141 0.41505549 0.70228815 0.7548352 ]
score96.7965189644118
vw_num::8
collision::0
all_len::1209.9564870551476

gene::160 popu::160
vw_list[0.99532986 0.9008258  0.53695252 0.07168593 0.98760946 0.47970827
 0.98801864 0.27158859 0.58732463 0.48051874 0.50350011 0.72099152
 0.93056309 0.91025432 0.46372929 0.60787446 0.43210499 0.0455942
 0.82169449 0.56074287 0.29910444 0.00811523 0.83441029 0.69114614
 0.96440932 0.61563906 0.98022125 1.74035337 0.70898009 0.67191724
 0.99356103 1.93948253 0.98920403 0.99720937 0.84221185 0.4044845
 0.61921697 0.17010412 1.32320843 0.92043657 0.65413969 0.33527656
 0.92481603 0.24480103 0.363582   0.70114831 0.94966892 0.79656582
 1.47983519 0.48632553 0.51917966 0.04468444 0.48987086 0.68039557
 0.19621477 0.87935009 0.42254908 0.94667344 0.29298301 0.63944355
 0.6788065  0.54891645 0.70804318 0.86908569 0.33322692 0.08734313
 1.90791444 1.6271921  0.27327979 0.28624647 0.7166158  0.99510631
 0.66882027 0.78897391 0.45249683 0.32107833 0.45773447 0.68328497
 0.37944326 0.50304345 0.24303064 0.63041931 0.44195767 0.88262239
 0.34231851 0.84762945 0.40661648 1.98481305 0.78303616 0.31531839
 0.07459252 0.90778949 1.09551522 0.61512248 0.42479654 0.18864746
 0.43571039 0.71193909 0.26705819 0.6062144 ]
score96.7779425956708
vw_num::8
collision::0
all_len::1209.724282445885

gene::160 popu::160
vw_list[0.48058988 0.52305048 0.56900944 0.71451662 0.93487396 0.99746904
 0.26269452 0.79903815 0.94246159 0.42339827 0.32978144 0.86913908
 0.03571211 0.36158055 0.92411766 0.87059516 0.66898111 0.31477397
 0.46072532 0.55380739 0.72422616 0.94040692 0.98378809 0.75158547
 0.52860497 0.8331849  0.58573007 1.33679664 0.63059451 0.9125133
 0.73102511 0.55568132 0.89856319 0.65235815 0.24952407 0.92973394
 0.84595795 0.50716932 0.67484096 0.94140234 0.99545383 0.90941827
 0.41145112 0.11951611 0.49714791 0.40552549 0.89618739 0.70774385
 0.30692812 0.16652097 0.9563492  1.22658716 0.20567128 0.94352978
 0.63077615 0.63478631 0.01054595 1.39669303 0.96814636 0.20230498
 1.00454958 1.540884   0.51791308 0.15786368 0.27926006 0.11142207
 0.46628907 0.22790036 0.22057253 0.18196397 0.96323093 0.97102231
 0.72950035 0.39587453 0.65807345 0.71615562 0.62744783 0.90909823
 0.81542774 0.75563825 0.90737167 0.49210463 0.26303948 0.66364265
 0.80141326 0.11971082 0.79110879 0.35150218 1.62164904 0.62514358
 1.26447941 1.70454478 0.43377439 0.64261159 0.69189107 0.2932071
 0.79467477 0.40544309 0.44690776 0.2734055 ]
score96.81645978240975
vw_num::8
collision::0
all_len::1210.2057472801218

gene::160 popu::160
vw_list[0.66711421 0.92662429 0.5676367  0.49385031 0.66592778 0.05637631
 0.53330997 0.06048359 1.24244483 0.62365758 0.33369697 0.18033328
 0.27478538 0.82514588 0.97520199 0.07268035 0.61957122 0.38139887
 0.81180369 0.47631717 0.72937332 1.51155972 1.3228053  0.27954786
 0.64895455 0.32174726 0.22613316 0.75149911 0.96511244 0.70997156
 0.28679718 0.21463554 0.53779787 0.19994629 0.61586513 0.42783665
 0.81197478 1.71111956 0.63003374 0.86163123 0.86159704 0.17039346
 0.23118534 0.90186363 0.47360801 0.26715481 0.70849457 0.5991803
 0.84019455 0.67224965 0.92224798 0.92217603 0.3296577  0.57727188
 0.15569776 0.87828765 0.63367296 0.58600819 0.55675596 0.85505069
 1.46226315 0.87729534 0.25571471 1.00755619 0.7970663  0.39936036
 0.03687234 0.90042682 0.90252127 0.77545205 0.56343539 0.36890194
 0.43173225 1.21330328 0.42189728 0.57586782 1.08707821 0.60708295
 0.96314563 0.80919199 0.24471396 0.53451241 0.99969909 0.92491935
 0.74002832 0.99132459 0.98217436 0.19276651 1.50132291 0.34348872
 0.70952504 0.78667338 0.70908169 0.31566823 0.63077312 0.351243
 0.25247123 0.37358671 0.67635871 0.52264434]
score108.53876308799387
vw_num::9
collision::0
all_len::1205.9862565332653

gene::160 popu::160
vw_list[0.51263116 0.60976846 0.07449213 0.76121512 0.86131005 0.15305531
 0.23811933 0.43182316 0.69367231 0.76545937 0.3609063  0.3484752
 0.71816331 0.59342924 0.18973018 0.1340247  1.58881098 1.21156093
 0.08539002 0.56882041 0.15319622 0.76247261 0.22006117 1.38720908
 1.12536112 0.16413495 0.5351088  0.60882233 1.31157185 0.80680532
 0.81175953 0.82943761 0.29713404 0.27206338 0.97059333 0.57166329
 0.5460675  0.60546916 0.14533325 0.19100228 0.51722984 0.21829552
 0.52773779 0.17753483 0.3987707  0.70229694 0.41788995 0.19698271
 0.65471413 0.98754963 0.01128253 0.15287522 0.57745363 0.42604764
 0.69678443 0.508663   0.5882049  0.05610553 0.43532135 0.8049434
 0.25079815 1.35232164 0.2368019  0.26692869 0.97459499 0.78662534
 0.52226755 0.41622479 0.6716566  1.82171465 0.8615952  0.24960207
 0.37917427 0.94704021 0.8888591  0.67678774 0.43683618 0.33801849
 0.52799449 0.88264667 0.31099898 0.65104256 0.61565609 0.33483188
 0.90126328 0.38797578 0.93316957 0.62704419 0.07323391 1.0728684
 0.46761587 0.61260559 1.71712695 0.63785057 0.33796683 0.56837741
 0.66951695 0.45072016 0.99186969 0.93466854]
score109.13994433385466
vw_num::9
collision::0
all_len::1212.6660481539407

