gene::160 popu::160
vw_list[0.0563144  0.38590753 0.4480748  0.93437214 0.04624443 0.32910174
 0.38223268 0.49292469 0.61250457 0.77242625 0.73615921 0.6592999
 0.94086256 0.16119789 0.26761647 0.85076749 0.67922125 0.18513279
 0.8554139  0.97999646 0.96399026 0.27500539 0.88148679 0.64635953
 0.54545976 0.34868052 0.35433668 0.61776256 0.36852432 0.33489058
 0.55406723 0.89026886 0.1885715  1.42276727 0.77601275 0.14396589
 0.99140592 0.1468764  0.61936532 0.63649763 0.34441465 0.57621604
 0.43795999 0.44938036 0.70884359 0.27940487 0.71139287 0.09248478
 0.99117935 0.07285245 0.36536157 0.31693519 0.5094386  0.2758242
 0.2328184  0.90581509 0.17839601 0.58204192 1.59697184 0.20141846
 0.19974417 0.82884557 0.97024047 0.18868835]
score37.61701921236926
vw_num::2
collision::0
all_len::1203.7446147958162

gene::160 popu::80
vw_list[1.68065518 0.31352304 0.13624003 0.42188144 0.46372276 0.8943267
 0.60137001 0.31142748 0.64781364 0.4503495  0.99179264 1.04540999
 0.63434222 0.48579251 0.40368762 0.64523539 0.89145824 0.81940741
 0.81025909 0.41208987 0.31489332 0.76142332 0.32766341 0.6615613
 0.52616703 0.64551794 0.81361621 0.08490995 0.94913872 0.90724878
 1.09551087 0.65125606 0.78262509 1.24753933 0.92232797 0.92797059
 0.10255667 0.82543319 0.37173906 0.39299349 0.65133626 0.16960683
 0.75604837 0.16295763 0.65240034 0.24158337 0.75140855 0.90216911
 0.92687467 0.57275134 0.58098085 0.29508847 0.69910731 0.03483561
 0.99144453 0.25615632 0.40012515 0.35605434 0.31779199 1.284284
 0.87602542 0.25473298 0.08897401 0.73112583]
score94.071715297825
vw_num::5
collision::0
all_len::1204.1179558121598

gene::160 popu::40
vw_list[0.86220847 0.43166585 0.12305183 0.61839387 0.33593436 0.52224463
 0.67441282 0.56399157 0.09533635 0.47353984 0.55032239 0.16845492
 0.7590159  0.95744209 0.6213453  0.7079483  0.25181915 0.19032582
 0.78361745 0.60000411 0.52829008 0.9599918  0.54666311 1.96493644
 0.41826111 0.71407151 0.39942953 0.73137044 0.83306495 1.7724447
 0.59854599 0.26000706 0.6331417  0.8577299  0.53068102 0.76760878
 0.08796929 0.04183003 0.0433109  0.87706301 0.67044978 0.04353553
 0.7759603  0.14324357 0.61989419 1.54611066 0.11009295 0.86933276
 0.51133378 0.76461549 0.52101693 0.7682386  0.91796635 0.43231868
 0.68905413 0.94995939 1.20156732 0.9910844  0.20205679 0.5042119
 0.65338501 0.65023916 0.4225293  0.11702678]
score75.24355287733144
vw_num::4
collision::0
all_len::1203.896846037303

gene::80 popu::160
vw_list[0.50384031 0.20539269 0.62058204 0.93929015 0.51275579 0.25159017
 0.82684752 0.4023288  0.6243766  0.61165069 0.56538082 0.47175625
 0.1933522  0.74931484 0.83211871 0.84500261 0.89485535 0.18987258
 0.92322892 0.13584966 0.19459984 0.49967088 0.57129667 0.16798714
 0.47153134 0.88383049 0.66400983 0.73645479 0.67620285 0.97908424
 0.72621115 0.51043195 0.51608587 0.17308001 0.29542064 0.56145207
 0.77328582 0.49590503 0.46291938 0.94887413 0.76637415 0.25466328
 0.58327275 0.63250659 0.15458751 1.50353609 0.44548245 0.77208064
 0.66332908 0.45955407 0.28110985 0.99846172 0.58480758 0.55348676
 0.22853846 0.13544042 0.95677662 1.25431998 0.80743455 0.48803652
 0.72732987 0.5473786  0.01483267 0.85631386]
score37.614713354036205
vw_num::2
collision::0
all_len::1203.6708273291586

gene::160 popu::20
vw_list[0.82282407 0.05358296 0.89347786 0.1627616  0.23150149 0.2720139
 0.4960885  0.56178612 0.64913466 0.90580328 0.64195892 1.38184387
 0.67640726 0.40981169 0.43622893 0.26833402 0.80867207 0.30647303
 0.12746684 0.81339492 0.49520353 1.30105933 0.37031421 0.40281424
 0.46502388 0.95380944 0.87364937 0.56357936 0.3754124  0.03214475
 0.52110258 0.49882053 0.19977792 0.79269241 0.89595802 0.5664125
 0.98286607 0.18849862 1.0490776  0.98322659 0.94306647 0.76655079
 0.8966134  0.97926665 0.9475028  1.13175627 0.56961128 0.41364207
 0.0476332  0.82734508 0.91043912 1.16071257 0.98723722 0.75484048
 0.53303243 0.65139616 0.16666933 1.44497908 0.35448293 0.34914763
 0.65696844 0.06867735 1.23136513 0.47444216]
score131.84313825253605
vw_num::7
collision::0
all_len::1205.422978308901

