gene::160 popu::160
vw_list[0.35745321 0.93263772 0.95738683 0.83114531 0.59254631 0.46491148
 0.29209336 0.75729055 0.74523339 0.58307481 0.29900828 0.59830608
 0.73773047 0.99110794 0.05540789 0.83919411 0.79829316 0.51388883
 0.60947478 0.96570928 0.68153521 0.60434573 0.4923646  0.77752526
 0.91684013 0.51032067 0.0396133  0.41881183 0.8526684  0.40114444
 0.82442052 0.40785813 0.50305396 0.51423331 0.07039889 0.5008007
 0.65389787 0.03046991 0.69487958 0.66946051 0.83021338 1.33528648
 0.55804885 0.01140564 0.94335355 0.14916085 0.90125992 0.64823497
 0.97307345 0.12557185 0.86352288 0.23572044 0.19986879 0.2895633
 0.44661127 1.58473901 0.14736971 0.69458746 0.95635062 0.93377895
 0.17889537 1.16622808 0.98046233 0.71119049 0.76249602 0.93390514
 0.38839183 0.75848962 0.46544808 0.21984063 0.49586862 0.40907624
 1.61047661 0.18839592 0.23268679 0.48398238 0.37956573 0.41616243
 0.94032995 0.66756096 0.31328989 0.82917752 0.85547015 1.59544625
 0.92509797 0.28912182 0.86866956 0.94146442 1.74941194 0.61468338
 0.46710268 0.91256602 0.57201274 0.65403109 0.95836902 0.15576131
 0.15348665 0.93338016 0.42246704 0.80521388]
score72.29053269692055
vw_num::6
collision::0
all_len::1204.8422116153426

