gene::160 popu::160
vw_list[0.77357635 0.90231389 0.51102225 0.90809405 0.76554059 0.11559763
 0.36873578 0.58138478 0.08199287 0.1612933  0.15904305 1.94829932
 0.74911974 0.64766412 1.90453973 0.17735828 0.96541055 0.8081196
 0.63244089 0.90231847 0.67630652 0.95582175 0.63408501 0.91915442
 0.83225184 0.64078483 1.46916217 0.69664883 0.31190339 0.9458393
 0.40045393 0.93365042 0.20150722 0.01223287 0.06257749 0.61339309
 0.62923228 0.36614606 0.05389451 0.1804478  0.48099152 0.52717006
 0.57616699 0.13721189 0.4103482  0.98430682 0.67341891 0.57203181
 0.34368439 1.31997026 0.85667632 1.6575914  1.34656427 0.57098933
 0.65500062 0.07965516 0.1408697  0.23560814 0.87687553 0.90715356
 0.73532419 0.51475913 0.49247783 0.72439028 0.65880989 0.93313465
 0.30430648 0.92161539 0.68632035 1.19176345 0.59031114 0.41553606
 0.39009959 0.50137521 0.05266449 0.73522671 0.7251957  0.21525237
 0.71254851 0.28934965 0.78956747 0.70790471 0.26725991 0.85503324
 0.88428312 0.68028867 1.07117684 0.28890796 0.6824516  0.52018886
 0.70735991 0.1601095  0.84316481 0.41301619 0.43857416 0.11412198
 0.45708329 0.68708921 0.6118745  0.96368101]
score96.4007995455534
vw_num::8
collision::0
all_len::1205.0099943194175

gene::160 popu::160
vw_list[0.54177081 0.28003681 0.70671974 0.12553556 0.75694014 0.72468259
 0.97299848 0.20776554 0.18192061 0.08034331 1.92919974 1.48233746
 0.61669085 0.72209087 0.15422485 0.86491539 0.47124021 0.83828186
 0.76890796 0.72288263 0.48368187 0.88371583 0.76772769 0.99652931
 0.90623642 0.62299941 0.78285703 1.28133231 0.36147542 0.26135845
 0.97848812 0.46124298 0.08551188 0.76450166 1.1689497  0.73120252
 0.58032319 0.84086613 0.98881766 0.24128465 0.85684656 0.54710096
 0.80464912 1.27025313 0.60322794 0.86208769 0.23122846 1.69868211
 0.50160557 0.05514172 0.3077796  0.65109244 0.66839195 0.88611402
 0.39880622 0.28788922 0.42334762 1.57721186 0.65322266 0.38268687
 0.85692515 0.15891582 0.22488985 0.35339567 0.91550298 0.96128851
 1.6895506  0.05308562 0.48277543 0.45169039 0.46544467 0.58629667
 0.63251928 0.37603773 0.79089513 0.17919077 0.87221591 0.84144336
 0.82381622 0.86614671 0.86930957 0.77924801 0.83619106 0.51380604
 0.38296884 0.74030979 0.99151904 0.76701102 1.09304712 1.95559552
 0.98543854 0.27508294 0.2687111  0.23642424 0.0930747  0.62283363
 0.71944449 0.94509018 0.8279239  0.027722  ]
score120.48274964893822
vw_num::10
collision::0
all_len::1204.8274964893822

gene::160 popu::160
vw_list[4.79639971e-01 2.34368226e-01 3.58108710e-01 1.11121771e-02
 8.14054696e-01 6.39865540e-01 8.33720422e-01 4.24875399e-01
 7.99874828e-01 4.40652763e-01 7.43472766e-01 7.90440152e-01
 2.06981729e-01 2.94684002e-01 7.94746045e-01 4.81447806e-01
 8.90494042e-01 5.42614547e-01 3.16285107e-01 2.74892734e-02
 2.21784543e-02 7.17410488e-01 2.02407365e-01 3.36607815e-01
 3.39808174e-01 6.33643683e-01 4.69397648e-01 8.07272392e-01
 1.50903207e+00 5.32923162e-02 2.36638219e-01 2.36249781e-01
 2.76074369e-01 9.38625723e-01 3.45525404e-01 3.16536544e-01
 9.45495276e-01 8.81494421e-01 9.94979085e-01 8.02195158e-02
 9.44725513e-01 1.27021131e+00 2.25046787e-01 9.21991975e-01
 1.15044555e-01 4.96916835e-01 9.40767546e-01 2.38456613e-01
 3.67920338e-01 2.99883628e-01 2.63717433e-01 5.87754467e-01
 1.71271892e+00 7.16335678e-02 6.06568268e-01 6.53894483e-01
 1.49020832e-03 6.96527743e-01 7.90752414e-01 2.49564359e-01
 1.00662056e-01 6.76287278e-01 1.07348453e+00 3.09754587e-01
 9.89832249e-01 1.59260594e-01 8.40064904e-01 1.19651375e+00
 6.62426069e-01 7.15282500e-01 6.97841035e-02 1.49068216e+00
 4.66160553e-01 6.71384365e-01 6.05338776e-01 3.84265764e-01
 4.59357321e-01 1.35803418e+00 9.29659224e-01 4.23240918e-01
 2.78505504e-01 8.49682539e-01 6.53228452e-01 3.98237142e-01
 3.61623363e-01 5.74684959e-01 5.72755527e-01 6.55574169e-01
 6.66398129e-01 1.68393081e+00 3.91838609e-01 8.63014794e-01
 2.99757510e-01 8.56394272e-02 3.10961624e-01 9.37118573e-01
 9.26030406e-01 6.56220770e-01 1.54101932e-01 8.72511972e-01]
score96.43707080049913
vw_num::8
collision::0
all_len::1205.4633850062392

gene::160 popu::160
vw_list[0.62861699 1.58617518 0.51765357 0.55104193 0.66061874 0.08335176
 0.785308   0.00556183 0.79324267 0.71474103 0.77500315 0.00698847
 1.13537018 1.39947186 0.7282783  0.03399575 0.63071241 0.92575813
 0.97490565 0.61841351 0.41500071 1.50334234 0.85213921 0.84914307
 0.56331663 0.36043623 0.54121333 0.95945931 0.16039197 0.80848632
 0.25524098 0.33147651 0.23713844 0.77621681 0.40535248 0.5895847
 0.68389168 0.8718132  0.81984892 0.31989925 0.30498115 0.61333518
 0.35562864 0.95494391 1.00586826 0.69412081 0.14598394 0.33940212
 0.88579467 1.4174195  0.52349373 0.16266463 0.1437828  0.37358825
 0.28648205 0.85976572 0.4168877  0.78801588 1.23722585 0.35630749
 0.93008433 0.79004852 0.34879026 0.82623987 0.89177859 0.8430697
 0.7785639  0.64823602 0.69420174 0.54506367 0.05229615 0.48552238
 0.82846295 1.78960889 0.90882469 0.19213459 0.53866763 0.47412163
 0.89115663 0.77009041 0.71829508 0.14428405 0.83695868 0.17401292
 0.72159711 0.08077661 0.96263415 0.99141716 1.59135075 0.62488011
 0.30646814 0.09639651 0.94278772 0.16373542 0.34430769 0.99195356
 0.01182616 0.77696916 0.94755361 0.66027887]
score108.64119967156644
vw_num::9
collision::0
all_len::1207.1244407951826

gene::160 popu::160
vw_list[0.1983837  0.5922164  0.8795925  0.27041724 0.01325427 0.50628176
 0.09141882 0.55656681 0.62110876 0.34394572 0.39485198 0.88232576
 0.84111538 0.75506658 0.2211067  0.94459024 0.02776121 0.41036613
 0.10278292 0.79673031 0.88217606 0.94357288 0.36531422 0.60803949
 0.20897878 0.06967145 0.63724677 0.51496202 0.65003586 0.32960625
 0.87639617 0.2672888  0.42728993 0.0935308  0.49653713 0.75436705
 0.79998196 0.42356091 0.74248098 0.11884471 0.37984192 0.83583089
 0.13377063 0.46606012 0.51211744 0.90549389 0.16460149 0.82450868
 0.84720565 0.54060949 0.54897836 0.7807166  0.47165961 0.1990337
 0.54460259 0.89322548 1.54489767 1.35889589 0.55270216 0.28408204
 0.82793515 0.78409028 0.34643392 0.98157865 0.78977771 0.70744863
 0.88496408 0.5819026  0.03678723 0.8479603  0.27638254 0.76933174
 0.23427132 0.73672572 0.25079673 0.11687964 0.91473879 0.45729863
 1.8607791  0.55931001 0.45599428 0.80860267 0.58585283 0.84877617
 0.82280638 0.77455866 0.82395926 0.65458757 1.25183565 0.70921024
 0.68057841 0.68188274 1.78237503 0.09303417 0.47016891 0.82302712
 0.70412739 0.42493083 0.59512759 0.65276469]
score60.510287364006096
vw_num::5
collision::0
all_len::1210.2057472801218

gene::160 popu::160
vw_list[0.10796509 0.58243685 0.21811625 0.20627383 0.47239727 0.52563922
 0.12664361 0.67867872 0.03205108 0.82746945 0.98409339 0.67911572
 0.93857952 0.61179694 0.50270364 0.65000231 0.81977672 0.03408863
 0.15163924 0.58900238 0.781935   0.01085    0.64125909 0.70529485
 0.1947713  0.42148852 0.38841819 1.63564719 0.92837529 0.24333507
 0.52553123 0.93818914 0.36355801 0.50098853 0.36958145 0.47275776
 1.50485256 0.36084605 0.44875166 0.25433359 0.69382128 0.27332824
 0.58202749 0.6784816  0.68764866 0.93948388 0.70296144 0.82771386
 0.23089629 0.56534176 0.36289135 0.93078017 1.71234135 0.92815182
 0.82314335 0.35858212 0.57582855 0.85940474 0.26999901 0.91445007
 0.60923556 1.40603674 0.49162973 0.25049934 0.14387242 0.90513289
 0.48633392 1.82304392 0.3158914  0.41975849 0.55945504 0.20013645
 0.8398384  0.31595876 0.44895496 0.96507378 0.30022733 0.96169136
 0.75803213 0.56196242 0.79824762 0.64269139 0.30728094 0.65149074
 0.85246755 0.77110391 0.27800908 1.52552507 0.10972661 0.72370428
 0.51941429 0.70984128 1.0422194  0.52872991 0.72090344 0.77467387
 0.22426967 0.87744661 0.34828451 0.30201708]
score84.73056818099353
vw_num::7
collision::0
all_len::1210.4366882999075

gene::160 popu::160
vw_list[0.7386346  0.96338664 0.07535534 1.24770079 0.83371785 0.19174895
 0.86171991 0.53246738 0.39016377 0.5679094  0.4924674  0.49072004
 0.08260121 0.3793851  0.95817599 0.55602659 0.96481441 0.31266812
 0.09284781 0.43182795 0.76186288 0.71955397 0.77694678 0.88316649
 0.42604787 1.45958936 0.53414654 0.05838465 0.56970097 0.85039748
 0.51322911 0.3070402  0.26789178 0.91993429 0.76474405 1.31312836
 0.74719256 0.30757169 0.38577586 0.83557274 0.14946011 0.49485561
 0.96266924 0.69463869 0.30980028 0.90915917 0.75967259 0.30580538
 0.0191073  0.74780588 0.87829211 0.73406089 0.7102804  0.70202517
 0.88462055 0.93015261 0.9916517  0.63322158 0.97112059 0.67271781
 0.23798596 0.36900262 0.65633759 0.79694652 0.71630571 0.87694532
 1.84605334 1.05307225 0.62022097 0.84350818 0.50806136 0.49605292
 0.94462861 0.07558827 0.15721826 0.81405267 0.45023597 0.422917
 0.87777465 0.12158604 0.70526774 0.56735519 0.74826479 0.68888158
 0.08548026 1.10534136 1.76904692 0.59167931 0.92715347 1.398549
 0.17578683 0.52717237 0.58423373 0.90577621 0.45006694 0.47637841
 0.25710004 0.53141078 0.59114194 0.20319156]
score96.38599248739811
vw_num::8
collision::0
all_len::1204.8249060924763

gene::160 popu::160
vw_list[0.9717106  0.58590544 0.10086026 1.99815122 0.44748997 0.42922132
 0.5455864  0.05427163 0.8704352  0.22450076 0.50519446 0.28562751
 0.37446863 1.42970161 0.78442743 0.3435321  0.74027934 0.88930791
 0.56028486 0.73411461 0.92666946 0.04273376 0.75769676 0.77912933
 0.99755333 0.91141578 0.30689887 0.46595248 0.21406705 0.8882326
 0.10873316 0.93504068 0.94726245 0.75495199 0.4523108  0.39234337
 0.63172648 0.51250932 0.68069924 0.8483433  1.25174571 0.4933435
 0.01015161 0.40690333 0.15368658 0.5727474  0.72368583 0.30147379
 0.28950774 0.11950033 0.62358537 0.02715762 1.21652254 0.82344129
 0.48039753 0.175441   1.23222878 0.12259106 0.7892606  0.82463203
 0.71304491 0.68000074 0.75732552 0.84159845 0.45351423 0.81415924
 0.54475046 0.83857089 0.62196511 0.94076941 0.56738391 0.70672598
 0.42373428 0.05894609 0.59399991 0.91373627 0.20880658 0.37851291
 0.99135494 1.2643523  0.01265612 0.91262345 0.47939856 0.42512855
 0.08814536 0.690183   0.25623855 0.73097067 1.19227825 0.40456975
 1.45458262 0.55092627 0.5952076  0.19501048 0.1324924  0.0025938
 0.56256348 0.76395797 0.76265873 0.5652871 ]
score96.8325896760183
vw_num::8
collision::0
all_len::1210.4073709502288

gene::160 popu::160
vw_list[0.42182091 0.87834772 0.99058951 0.72142255 0.52891303 0.80647427
 0.8477299  0.91435768 0.96766814 0.99060323 0.36172886 1.43044214
 1.78513241 1.05139601 0.85457412 0.65420582 0.6436679  0.66038772
 0.95177327 0.43910939 0.67396396 0.40828369 0.13170521 1.51781445
 0.76017511 0.8365014  0.5241271  0.67724408 0.34053212 0.78233112
 0.68520643 0.12648387 0.7182579  0.04560209 0.79779198 0.40603475
 0.6906725  0.45062075 1.23314565 0.49253402 0.32696517 0.28190784
 1.16761242 0.69967031 0.9218941  0.93480495 0.79316453 0.68773047
 0.76683989 0.95271653 0.22866617 0.32301464 0.27303798 0.32658388
 0.86969939 0.23420892 0.14750327 0.19823826 1.44519208 0.18884803
 0.43092948 0.40033558 0.87977211 0.0313399  0.27417054 0.13473719
 0.9717708  0.28031786 0.93330999 1.09249006 0.77608079 0.47841705
 0.7777664  0.00435397 0.47008629 0.60218891 0.81283496 0.49267651
 0.08432594 0.4073279  0.76864129 0.92808493 0.56696687 0.14873126
 0.25440426 0.11041546 0.49717465 0.7880993  0.97022868 0.35455477
 0.99036831 0.56534482 0.89559392 0.5713172  0.27784914 0.6137742
 0.86225641 0.42163583 0.44839412 0.76203959]
score96.89413976918117
vw_num::8
collision::0
all_len::1211.1767471147646

gene::160 popu::160
vw_list[0.99267315 0.61106975 0.61813197 0.13360583 0.81085863 0.22880355
 0.42496186 0.93139918 0.51170885 0.27293635 0.65771772 1.79158753
 0.47474812 0.63684912 1.86085389 0.7627646  0.97189753 0.97229584
 0.47828971 0.20951264 0.62925054 0.67603322 0.99974433 0.54933481
 0.41284451 0.61794231 0.2993346  0.36819503 0.31174523 0.21321299
 0.45848613 0.57241197 0.08394901 1.80690661 0.75933455 0.5651862
 0.55397585 0.37834498 0.56378564 0.64312028 0.24619916 1.15478474
 0.22220275 0.24498767 0.04972829 0.50100716 0.63391381 0.89021361
 0.51864364 0.56335999 0.76660161 0.60509739 1.50831276 0.16604902
 0.13773387 0.41798934 1.88157995 0.5119092  0.32651782 0.55694251
 0.70065369 0.65954351 0.76413865 0.50984699 0.4770881  1.17767233
 0.33777021 0.67000547 0.86692305 0.45946865 0.06289771 0.52729281
 0.0543881  0.60747852 0.7976808  0.37367197 1.09725497 0.92975722
 0.5681695  0.8519771  0.98968499 0.44877724 0.24913371 0.12649892
 0.86130307 1.71532103 0.25833374 0.43792176 0.45860326 0.17213665
 0.13723196 0.50370498 0.51337837 1.769038   0.52395826 0.79369723
 0.72817045 0.50084831 0.31462193 0.91051627]
score121.10815400244815
vw_num::10
collision::0
all_len::1211.0815400244815

