gene::160 popu::160
vw_list[0.53015738 0.59006238 0.41182614 0.26892176 0.74558993 0.67301166
 0.07465659 0.20892514 0.99879771 0.66010964 0.76008391 0.72497747
 0.62193477 0.89836687 0.77709837 0.25442569 0.74065659 0.28952256
 0.33037912 0.09424032 1.79912604 0.71043085 0.87365385 0.3674383
 0.80134942 0.80167182 1.26542934 0.51825014 0.94616601 0.697605
 0.25731551 0.77731112 0.87659774 0.20783901 0.62184513 0.65402682
 0.80236565 0.90184531 0.92661271 0.8219581  0.14872389 0.40449839
 0.3582431  0.84373967 0.40148751 0.40268129 0.74370353 0.75057797
 0.59957605 0.66244127 0.30641455 0.83119607 0.71675196 0.30773022
 0.57791239 0.75816066 0.49701598 0.30572546 0.24595284 0.36272032
 0.04306042 1.12234701 0.28926289 0.83202201 0.78442999 1.4675765
 0.72459551 0.37068535 0.11606218 0.32153778 0.74605809 0.84204754
 1.27549819 0.98061345 0.48008831 0.95611708 0.00298375 1.94000496
 0.0449257  0.5727791  0.78069871 0.89117153 0.71083473 0.320109
 0.42916324 0.75654846 0.08986111 0.91470727 1.89862707 0.7028489
 1.55607703 0.82825795 0.93915396 0.62526737 1.59690025 0.36692461
 0.50631131 0.38703867 0.30350552 0.65571296]
score108.92133943260015
vw_num::9
collision::0
all_len::1210.2371048066684

