gene::80 popu::160
vw_list[0.83886818 0.46444414 0.8443976  0.26576483 1.33488193 0.53472935
 0.8573927  0.97097046 0.20463681 0.31653293 0.80373619 0.33965657
 1.71451493 0.51307056 0.97575765 0.15263219 0.96443869 0.98242666
 0.6005041  0.72395098 0.00848414 0.49890175 0.61983    0.39826816
 0.49656559 0.95587694 0.64049025 0.59205044 0.92779842 1.3258016
 1.27382548 1.38054792 0.81396576 0.30901658 0.52758807 0.18091302
 0.9086947  0.56883421 0.36815288 0.75385676 1.24525446 0.0891685
 1.92824681 0.89064373 0.78484635 0.24667667 0.83522317 0.09631447
 0.44502721 0.75313911 0.37182312 0.06003894 0.05182431 0.05530015
 0.66540466 0.24974126 0.95128269 1.79195212 0.96795501 0.94657108
 0.62771912 1.97942931 0.33263367 0.70358841 0.17729836 0.95644906
 0.93785619 0.4204043  0.5819289  0.779144   0.55274999 0.60819723
 1.08133226 0.37562955 0.60193723 0.59052163 0.27948945 0.55943473
 0.77029401 0.25152025 0.47273871 0.60359781 0.56067019 1.93910739
 0.99711525 0.99679185 0.57584336 0.6150104  1.32684141 0.48781115
 0.85707076 0.69613564 0.40811237 0.02632402 0.75221161 0.98009645
 0.35196617 0.78438881 0.30264905 0.29385932]
score144.64791914886982
vw_num::12
collision::0
all_len::1205.3993262405818

