gene::80 popu::160
vw_list[0.25545443 0.23754219 0.83248176 0.64223197 0.40434059 0.19287009
 0.83112416 0.81892636 0.72686715 0.87578318 0.42897837 0.99129994
 0.38684031 0.24080735 0.81308588 0.75537621 0.32851907 1.22514734
 0.96867819 0.71344326 0.17916764 0.73945025 0.24407215 0.76784799
 0.3466294  0.24100832 0.58328156 0.48849377 0.18290555 0.9130014
 1.13516764 0.97825117 0.8193278  1.06167937 0.42784953 0.13956674
 0.00493537 0.7712246  0.34662046 0.44299665 0.69555611 0.32447677
 0.34436333 0.21668495 0.82790022 0.91099095 0.48526783 0.12714849
 0.53146142 0.46764601 0.6322569  0.41408634 0.80155911 0.89296318
 0.87807489 0.15718812 0.07482559 0.19325154 0.46109033 1.33461619
 0.61369725 0.3583414  0.14015434 0.81608424]
score75.25737223825999
vw_num::4
collision::0
all_len::1204.1179558121598

