gene::20 popu::20
vw_list[0.48745716 0.03531227 0.29773144 0.41240375 0.62455629 0.65286291
 0.33834896 0.53651252 0.53061363 0.10302217 0.49024731 0.69781602
 0.62860865 0.99866146 1.37208998 1.448365   1.07974489 0.57560598
 1.99066085 1.26982212 0.66409598 1.5233766  1.42497085 0.31173549
 0.25601064 0.43649311 0.44979504 1.64270104 1.79929288 0.59283131
 0.56226303 0.71065388 0.71852069 0.17972764 0.86062066 0.30270401
 1.61728826 1.18414919 0.07788186 1.39808049 0.96258416 0.85304458
 0.28372871 0.15860404 0.79711545 1.38623916 1.75039595 1.04880236
 0.39745336 0.17050834 1.35291008 0.4204657  0.09455452 0.78431723
 0.15636323 1.27549331 0.66003416 0.33270589 0.43129117 0.44806043
 0.72139637 0.82378605 0.8269891  0.80141453 0.14680826 0.79668563
 0.1879807  0.64395754 0.94219086 1.34678139 0.41410233 0.80194362
 1.93741756 0.03782849 0.14208713 0.52610341 0.86792613 1.93423587
 1.69120379 1.05980503 0.5815012  0.45859209 0.37073323 0.74801003
 0.54035516 0.74376605 1.55146621 0.40653826 0.51611478 1.21853601
 0.95190898 0.41151139 1.37628826 0.17741038 0.14054071 1.11928843
 1.20209446 0.5692357  0.15766195 1.7140745 ]
score352.40250929578093
vw_num::28
collision::0
all_len::1258.5803903420747

gene::20 popu::40
vw_list[0.23360721 0.35756522 0.59391198 1.75523553 1.13203596 1.750046
 0.01310264 0.72856048 0.90680907 1.84456913 1.59081361 1.20365071
 0.34286014 0.76525053 1.38943273 0.27263221 0.74477459 0.19831361
 0.61110616 1.11630534 0.43717531 0.6572448  0.26562552 0.39273071
 0.04267005 0.87302626 1.42282067 1.61405542 0.71727238 1.24073008
 0.63565655 1.33987714 1.26043024 0.37809505 0.9019147  1.08186368
 0.17639138 0.55676806 0.04985286 0.41205129 0.57311975 0.12583646
 0.84496689 0.4376666  0.41883296 0.36392393 0.84998428 0.15293429
 1.00094987 1.81077241 0.51119616 1.84595111 0.72407976 0.96571609
 0.74323447 0.82899253 0.26024634 0.89862152 0.18726801 0.03953579
 0.29493147 0.20629811 0.37126555 0.81693599 0.65420316 0.13517123
 0.39926306 0.82149496 0.44218953 1.46128907 0.44245511 1.33801176
 1.54452504 0.79750064 0.94287584 0.3923891  0.49407197 0.32628072
 1.76772876 1.75580985 1.59895352 0.41326423 0.77465715 0.86833826
 1.94587624 1.06577257 1.65210345 0.14781008 0.40126667 0.8816698
 0.95894366 1.03053538 1.50654531 0.28765702 1.18618569 0.80236241
 0.85559512 0.76033653 0.96944782 1.28608184]
score370.7883726064097
vw_num::30
collision::0
all_len::1235.9612420213657

gene::20 popu::80
vw_list[1.86296142e+00 5.43190968e-01 4.16528059e-02 1.17379480e+00
 9.42951524e-01 9.25316236e-01 1.06580657e+00 4.47831415e-02
 6.17816145e-01 3.12618315e-01 7.02434051e-02 1.94265707e+00
 7.73577204e-01 1.75908361e+00 3.91803835e-01 1.96249744e+00
 8.52053800e-01 1.04889178e-01 1.30582417e+00 5.52037638e-01
 1.31998369e+00 9.32522670e-01 7.48275895e-01 1.00597664e+00
 4.06183233e-01 4.22766728e-01 1.04296156e+00 1.89599428e+00
 1.83831372e-01 7.72850170e-02 2.81239428e-01 7.43604583e-01
 1.36040693e-02 9.02951750e-01 3.96573993e-01 1.26615509e+00
 1.59519483e+00 1.80012862e-01 6.03361090e-01 1.71730684e-01
 3.21676934e-01 5.71509273e-01 7.60825212e-01 8.74555520e-01
 1.76863730e-01 2.34131850e-01 6.91917543e-01 3.89957648e-01
 1.36068148e-01 7.81322612e-01 5.79120797e-01 7.35366741e-01
 1.12815149e+00 2.02439375e-01 1.56249307e-01 3.64457552e-01
 9.51328684e-01 1.96543429e+00 1.37132186e-01 1.74117788e+00
 4.93585055e-01 1.26112645e+00 5.77863435e-01 1.60944701e-01
 1.09297267e+00 1.38910646e+00 1.26195534e-01 4.79060204e-02
 1.46844380e+00 1.71305834e+00 1.35733682e+00 1.83003190e+00
 1.10014432e+00 1.58768614e+00 8.03061871e-01 2.87930879e-01
 4.50414396e-01 4.45700169e-01 3.15519775e-01 5.62822932e-01
 2.95900583e-01 5.55668340e-01 5.23829160e-01 1.62199583e-01
 5.84868264e-01 1.67700672e-01 7.56466141e-01 6.68036260e-04
 1.37368164e+00 9.69185445e-01 9.91704379e-01 5.10515083e-01
 2.89220804e-01 4.25146785e-01 1.21619048e+00 8.25778429e-01
 1.44947116e+00 7.86367708e-01 1.47191168e-01 6.39323763e-01]
score342.25792837756677
vw_num::28
collision::0
all_len::1222.3497442055955

gene::20 popu::160
vw_list[1.77754594 0.52241242 0.56414771 0.69832388 1.26506802 0.85431252
 0.51665366 1.07484183 0.0606324  0.39001765 0.54801402 0.70844436
 0.23638462 0.39853787 0.80325475 0.82133752 0.07130202 0.5210987
 1.03827472 1.77989541 0.87596937 0.59477013 0.47050278 1.88189251
 0.3264629  0.94561044 0.79655878 0.40156865 1.50789488 0.54405376
 0.39427209 0.99568993 0.38637604 1.95889223 0.50168546 1.60965228
 0.91458385 0.19541658 0.68457254 0.24105745 0.77952083 0.01417686
 0.42442998 0.34745051 0.25647336 0.68773805 1.72518639 1.37896177
 0.05795934 0.15574693 0.64860345 1.39308903 0.82371739 0.08794865
 0.18575642 0.246084   1.37266788 0.80819796 0.8441814  0.61251336
 1.27384987 0.06601623 1.53625148 0.73108269 0.34908724 0.21158032
 1.43473497 0.73939942 0.41233753 0.80789151 0.39943004 0.78792976
 0.19920295 0.93368178 1.30362068 1.15376998 1.28963327 0.08109793
 1.44583787 1.21714302 1.78152178 0.77949994 0.49188895 0.42388363
 1.84149375 1.11976055 0.91995828 0.21329316 0.62492732 0.82614221
 0.85329061 0.64908634 0.48532276 0.41352131 1.37280943 0.09770659
 0.55222383 0.07322145 0.32549865 0.5005459 ]
score303.5636812259144
vw_num::25
collision::0
all_len::1214.2547249036577

gene::40 popu::20
vw_list[0.12855622 0.60447133 0.05617531 0.64048098 0.64644381 0.83880315
 0.8987906  1.76683456 0.69759074 1.82090991 0.07801951 0.61336373
 1.23727808 1.53232961 0.02515934 0.06674379 0.96800996 0.38236085
 0.37188189 0.09417018 0.05240903 0.24535176 0.74563465 0.36502513
 1.80112255 0.70822664 0.26583564 1.09732243 1.71746161 0.30286848
 1.12824623 0.06332255 0.98603789 0.92920268 0.74705773 0.48897148
 0.14917574 0.81728171 0.00327686 0.8154968  0.59724465 1.24172402
 0.24671424 0.35004785 0.91825926 0.21109992 1.9562897  1.40548701
 0.78404088 0.14443391 1.0126072  0.97580125 0.40263992 1.67877695
 1.51752923 0.14472516 1.93333671 0.24364231 1.68486358 0.27097057
 1.93448881 1.11581046 0.96114582 1.26740858 0.69161669 0.2920021
 0.05443065 0.276195   0.24439627 1.18900223 1.68642534 1.00605619
 1.68639091 0.14146848 0.07780415 0.68447141 0.68333144 0.59891249
 0.00216882 1.20352873 0.3298475  0.62263883 0.94981286 1.45576201
 0.60699211 0.8427778  1.1797932  0.99803892 0.42130507 0.16548599
 0.72605573 0.30273357 1.87657167 0.15897194 0.96816664 0.39708886
 1.69803203 1.60262885 0.64027023 0.51926048]
score361.91571653669433
vw_num::29
collision::0
all_len::1247.985229436877

gene::40 popu::40
vw_list[0.01323983 0.53867306 1.93579925 0.82683103 0.26768015 1.77871669
 1.10190041 0.53052037 1.18315564 1.64203375 1.67973614 1.5441726
 0.06555171 0.11443536 0.33488632 0.39821116 0.65615876 1.81367478
 0.58628536 0.49526531 0.75470594 0.55112273 0.74189994 0.12372117
 0.85895081 1.46278372 1.78316184 0.34579737 0.0526784  1.71235227
 0.93398108 0.21099062 0.13833176 1.02057295 0.463489   0.50216615
 0.55101691 0.19998216 0.87860972 0.63347888 0.63738047 0.4348189
 0.55930879 0.78920728 0.08246284 1.19270433 0.16070525 0.15659592
 0.13893347 0.25373524 0.91733167 0.04414646 0.79447944 0.42054577
 0.55277922 0.97189425 0.81083755 0.61389741 0.51865618 1.29942964
 0.74313105 0.43428351 0.62489681 1.54589609 1.39256592 0.51685191
 0.99819696 0.14881252 1.2311111  0.87278773 0.86637876 0.46092284
 0.21361478 0.50580502 0.32123691 0.34839597 0.3282406  0.65419602
 0.68519081 0.18813958 0.11502231 0.78788972 0.71039377 0.51214088
 0.37162249 0.68007406 0.83633479 0.69962225 1.19182177 0.94993835
 1.67112161 0.66821152 0.15603973 1.60838256 0.64240234 1.50252126
 1.28837996 1.25858637 0.11670066 0.54245289]
score281.1014677616458
vw_num::23
collision::0
all_len::1222.1802946158512

