gene::10 popu::10
vw_list[0.23984672 1.38238696 1.40896429 0.86318659 1.41082817 1.35727248
 0.20741006 0.15393866 1.65396897 0.30812648 0.31499212 0.2999386
 0.45520517 0.68218819 0.41021662 1.64713536 1.05084948 0.20906635
 0.97142151 1.0518766  0.08286274 0.93014405 0.28533694 1.01763182
 0.42821096 0.26205637 0.00472696 1.41944098 0.7717765  0.02192581
 0.03912693 1.5948216  1.42448493 0.63999795 1.94183533 1.10263382
 0.8004707  1.00002288 1.63822219 0.76660474 0.13971782 1.47068684
 1.96296994 1.1283558  1.12688089 1.49333018 1.36754823 1.40059721
 1.80115573 0.47906618 0.37778602 1.27771625 0.44231817 1.57483713
 0.9940915  0.98905246 1.85350421 1.81288643 0.25968138 1.25128092
 0.52006268 0.21574531 0.2069195  0.02137434 0.49998227 0.67481726
 1.35183082 1.29473167 1.31571693 0.32457534 0.04948136 1.35916211
 0.79655862 0.26519396 1.00261802 1.45140623 1.44509658 0.37235596
 0.95484832 0.63266996 0.9596199  1.46682397 0.04730583 1.96117566
 1.76705491 0.84678313 1.57239008 0.32944845 0.64012595 0.66489722
 0.5426221  1.50400762 0.35004415 0.75198118 1.4734772  0.0255482
 0.09020612 0.24831447 1.48095674 0.04145415]
score552.7256447062856
vw_num::43
collision::0
all_len::1285.4084760611292

gene::160 popu::160
vw_list[0.13051326 0.49845622 0.96871396 0.04694228 0.2099664  0.02102186
 0.90355616 0.40266875 0.28151885 0.336742   0.42018684 0.80386713
 0.44631868 0.59773048 0.55541206 0.34767261 0.85464981 0.45960969
 0.91523618 0.91442603 0.05988756 0.209186   0.70183016 0.56101858
 1.08507917 0.33641184 0.71996948 0.97036329 0.44738008 0.83591313
 0.87130108 0.79854723 0.55651914 0.92303621 0.61641252 0.95541931
 0.99632216 1.07079825 0.98292681 0.45515231 0.0287439  0.42324201
 1.19648593 0.77290156 0.72573044 0.52619124 0.32529628 0.42592572
 0.08064967 0.99538599 0.82075016 0.29697346 0.60886109 0.84764694
 0.31864671 0.41953763 0.93062965 0.90773548 0.72922597 0.7729
 0.35298436 1.37766082 1.68687435 0.37558569 0.07653721 0.24845906
 0.68432563 0.4688384  0.51713692 0.27304093 0.64876241 0.13519447
 0.38864564 0.17933973 0.20648318 0.69991889 0.44871578 0.43615186
 0.88597474 0.22331649 0.46657044 0.44938222 0.92819902 0.86868142
 0.33698222 0.58524035 0.79747389 0.80509688 0.96901021 1.46002691
 0.32286778 0.3981685  0.78769961 0.53838431 0.92483208 0.16608987
 0.8416677  1.22539528 0.05714534 0.67059975]
score84.6810020726534
vw_num::7
collision::0
all_len::1209.7286010379055

gene::160 popu::160
vw_list[0.58327555 0.23521213 0.59290787 0.74145679 1.07918573 0.03111605
 0.40069926 0.33525662 0.70591314 0.59412473 0.99618297 0.71414334
 0.9421753  0.24657217 0.65847738 0.78741695 0.94148473 0.46136535
 0.16777355 0.73517607 0.07686897 0.81546358 0.70160548 0.5301979
 0.48469227 1.71405646 0.94779665 0.20146644 0.77037356 0.94216636
 0.86331389 0.39132406 0.35681253 0.01453733 0.05684467 1.81782156
 0.71485148 0.29646784 0.59502934 0.77767278 0.93506593 0.10437499
 0.95152939 0.23915251 0.41573853 0.59608478 0.94632577 0.30838463
 0.95642734 0.6925827  0.91846895 0.93546868 0.38025635 0.30657508
 1.61806242 0.49501461 1.85932905 1.38512075 0.77451148 0.69124818
 0.63153349 0.58928197 0.57050087 0.62556312 0.76760605 0.45379635
 0.56769783 0.5369829  0.31963216 0.91517205 0.44945716 0.39191567
 0.09378544 0.6593733  0.11798065 0.77777669 0.82305575 0.43623922
 0.1085814  0.80614072 0.65711182 0.91041041 0.4581426  0.96730409
 1.10699249 0.65093353 0.46557211 0.21871703 1.26859949 0.66726572
 0.37433645 0.66320625 0.37114326 0.20634234 1.09309256 0.94881594
 0.10758229 0.63249968 0.16976921 0.45407182]
score109.28861510059384
vw_num::9
collision::0
all_len::1214.317945562154

gene::160 popu::160
vw_list[0.75475081 0.18534092 0.07333266 0.65608696 0.08863085 0.655602
 0.74645234 0.55326632 0.81206455 0.68637298 0.19153772 0.1741467
 0.25422241 0.60148878 1.67369324 0.23536145 0.3125191  0.59961916
 0.1758491  0.90009229 0.74782393 0.99955707 0.7688383  0.85289487
 0.11546837 0.99828797 0.69572814 0.30050576 0.27654549 0.77962962
 0.06105296 0.38517606 0.85767421 0.10188436 0.16076605 0.6377762
 0.48339935 0.8093551  0.32598566 0.33180369 0.74270915 0.99080991
 0.76684174 0.26204736 0.50398219 0.7339083  0.30802455 0.43004395
 0.21421974 0.07247579 0.86283731 1.74246505 0.70386129 0.73963777
 0.08656137 0.54010472 0.6567553  0.27148298 0.76189728 0.10271859
 0.96110178 0.67379545 0.0373289  0.96492407 0.81267781 0.50128812
 1.47258386 1.53157388 0.76191648 0.09230716 0.84376602 0.05721357
 0.71570512 0.15524687 0.45373921 0.72092906 1.58932371 0.46975366
 0.45656993 0.80165657 0.30999275 0.97708711 0.68439263 0.63165171
 0.84288224 0.93078906 0.48184152 1.56532181 0.45487704 0.13273469
 0.50595389 0.17767323 0.11012525 0.50416522 1.99719016 0.28238394
 0.73661379 0.7788469  0.36797813 0.55055108]
score84.6774907559195
vw_num::7
collision::0
all_len::1209.6784393702783

gene::160 popu::160
vw_list[0.08323114 0.96041165 0.96230731 0.44343112 0.85467863 0.54182328
 0.75124905 0.19284351 0.19384921 0.84126831 0.5724998  0.47759231
 0.08089777 0.60449057 0.63547782 0.78970341 0.54802482 0.24925597
 0.98551058 0.46784944 0.44562265 0.34991577 0.71833565 0.86196582
 0.36185508 0.77672754 0.90563609 0.72901501 0.58882058 0.53530316
 0.3531883  0.63662448 0.50572327 0.4883552  0.80732073 1.76732667
 0.77818328 0.32435336 0.45903541 0.94468846 0.27767082 0.32638447
 0.10288406 0.78684474 0.68666586 0.06774604 0.4100754  0.93856015
 0.4818418  1.84768065 0.74946121 0.37302466 0.75093925 0.97818071
 0.70100761 0.94639679 0.86999443 1.5070766  0.85516782 0.36927762
 0.42477776 1.97810013 0.90639677 0.45583875 0.33685153 0.44451637
 0.92004773 0.51539136 0.47153171 0.88186361 0.67760024 0.48142225
 0.65357323 0.57928723 0.79098527 0.66716535 0.52250704 0.57088911
 0.86995136 0.9985306  0.50772446 0.36405226 0.95592969 0.61753006
 0.21343948 0.56113574 0.37502141 0.64053686 0.64300491 1.37820144
 1.46665326 0.50618174 0.81376327 0.55882713 0.91188589 0.47822421
 0.00602014 0.30333013 0.02498445 0.91194755]
score72.70401984864402
vw_num::6
collision::0
all_len::1211.733664144067

gene::160 popu::160
vw_list[0.40118763 0.45131726 0.15565236 0.05005029 0.37187164 0.4656465
 0.3942592  0.51563585 0.15436388 0.93277405 0.97943919 0.06187177
 0.89894672 0.95142122 1.91702798 0.44104769 0.24862631 0.72550672
 0.25949591 0.96331315 0.75046717 0.03886068 0.3975589  0.67724455
 0.58413581 0.66573625 0.21813429 1.28492839 0.90920726 0.06404278
 0.40876463 0.62931084 0.46671785 0.67190433 0.76011613 0.7045356
 0.29066725 0.50974969 0.1073128  0.89829935 0.78509001 0.76588142
 0.71004422 0.14501231 0.20668652 0.05555157 0.16573495 0.76470624
 0.60642486 0.28119125 1.33060935 0.24541649 0.73138186 0.814907
 0.40146329 0.67300423 0.17466792 0.39818704 0.13207918 0.89956046
 0.89252164 1.38922924 0.74299374 0.95534235 0.90829789 0.484518
 0.90328315 1.33891638 0.51048612 0.80017113 0.43782046 0.76978759
 0.65357821 0.69701197 0.87064062 0.6916874  0.17860449 0.91374394
 0.06951718 0.18307229 0.44929958 0.94401845 0.70125037 0.28989695
 0.85228025 0.38308615 0.34303186 1.13676188 0.05178673 0.77215451
 0.78258066 0.6969576  0.10793629 1.24719514 0.77115004 0.69660974
 0.95114353 0.60114719 0.82168261 0.39774762]
score84.6774907559195
vw_num::7
collision::0
all_len::1209.6784393702783

gene::160 popu::160
vw_list[0.80698334 0.52096446 0.9349703  0.52704995 0.77539099 0.92597938
 0.8160829  0.29208426 0.59585699 0.43594476 0.13194579 0.96878382
 0.81794409 0.35359437 0.38341595 0.58345254 0.12858774 0.44486456
 0.7026582  0.45348325 0.87466534 0.3138327  0.87878874 0.97814515
 0.73597563 0.44713116 0.77521732 0.42504608 0.95123705 0.19957911
 0.33364213 0.0444349  0.49593039 0.03230937 0.20559772 0.68177165
 0.01223054 1.20447656 0.93500433 0.56760878 0.42608706 1.49455598
 1.97745994 0.29511422 0.39894715 0.25210766 0.43113795 0.66545661
 0.20208226 0.15255671 1.81987353 1.07356961 0.59556918 0.5713962
 0.44131686 0.77441785 0.9587533  0.84838901 0.99898031 0.80314438
 0.50591648 0.1343607  0.7565091  0.40365439 1.08205211 0.90979464
 0.97055765 0.40108404 0.37898083 0.59035611 0.60254257 0.0096727
 1.41372614 0.23668689 0.33807107 0.17303086 0.17699374 0.34180392
 0.26799183 0.77443366 0.48645051 0.21936706 0.34653438 0.4848498
 0.562733   0.43420904 0.51314481 0.72690462 0.13690697 0.246331
 0.08695812 0.88012524 0.41861946 0.43060724 0.8920055  0.46328595
 0.93889058 0.83509174 0.86229536 0.59216025]
score84.6850354638111
vw_num::7
collision::0
all_len::1209.7862209115872

gene::160 popu::160
vw_list[0.38584394 0.81710554 0.79461758 0.8544688  0.86465979 0.74229288
 0.5119153  0.55659708 0.83560987 0.74199234 0.46797738 0.96262663
 0.33988416 0.5011545  0.84632081 0.26685535 0.43236622 0.91636751
 0.13470208 0.60971645 0.58405324 0.92190411 0.80821676 0.48517051
 0.89475072 0.65441456 0.02333607 0.31346092 0.67856331 0.48583187
 0.59986685 0.28992807 1.94923488 0.38021953 0.10900058 0.65676945
 0.71996721 0.68300984 0.09325319 0.65570667 0.526937   0.58188003
 0.52875371 0.71768759 0.67538767 0.73200097 0.68761958 0.73881599
 0.50717599 0.26178388 0.67748784 0.89135267 0.55809221 0.11745579
 0.39567431 0.94230771 1.07826022 0.7255943  0.09030029 0.17364428
 0.90736217 0.66109884 0.51878211 0.81914829 0.12749361 0.72341482
 0.82284355 0.61664828 0.21746576 0.82391643 0.56429334 0.15576524
 1.32682765 0.53356242 0.82477298 0.61992336 0.21924209 0.03700454
 1.89454922 0.96282391 0.31631369 0.34205621 0.79637533 0.48981411
 1.47788334 0.80040591 1.3640562  0.83115928 0.24254387 0.16269117
 1.53418884 0.89004073 0.52756956 0.83091155 0.90553149 0.72367566
 0.31846218 0.31460898 0.64804994 0.77069455]
score84.92687044450925
vw_num::7
collision::0
all_len::1213.241006350132

gene::160 popu::160
vw_list[0.68001291 0.77670252 1.30112239 0.78210345 0.21654326 0.7751575
 0.30445321 0.43202381 0.58689355 1.78173915 0.36900621 1.1751331
 0.98531275 0.42624171 0.17821346 0.57541603 0.83358133 0.67409145
 0.08848937 0.56511153 0.86910871 0.4347744  0.13268564 1.47066359
 0.46103605 0.81313533 0.30307541 0.15036833 0.21451432 0.99458014
 0.8055759  0.97638242 0.51351466 0.52517125 0.46631125 0.80863879
 0.00745563 0.47639312 0.32216621 0.98983235 0.44788183 0.64868301
 0.39974858 0.18978998 0.46616405 0.81561118 0.73611332 0.24099684
 0.60959484 0.83914753 0.25361263 0.03884152 0.74681078 0.47904997
 0.94791229 0.9400848  0.88169371 0.4491971  0.08045995 0.42829546
 0.53723841 0.0655234  0.68979535 0.64643859 0.41933887 0.56330936
 1.36226868 0.48753383 0.72690442 0.94784612 0.57984426 0.56209129
 0.46815956 0.83806098 0.35200392 0.7379149  0.71551739 0.34167119
 0.60892086 0.85395323 0.27241438 0.50494689 0.99118803 0.44972796
 0.49049645 1.84678737 0.75238628 0.61669757 0.7332859  0.20362972
 1.8479706  0.54702757 0.50744203 0.78138086 0.96761961 0.91514132
 0.84561802 0.70757411 0.51499787 0.92307453]
score84.82956413323122
vw_num::7
collision::0
all_len::1211.8509161890172

gene::160 popu::160
vw_list[0.50371506 0.77571944 0.74043722 0.66380113 0.84000393 0.93660339
 0.53397756 0.35846013 0.84729745 0.43503086 0.65691028 0.61298795
 0.57735928 0.82428584 0.53348123 0.54299542 0.68678143 0.32022238
 1.9023238  0.06681802 0.44806092 0.92245865 0.32775219 0.96054135
 0.47491221 0.20811415 0.95527794 0.25719375 0.31478823 0.49074527
 0.75567774 0.93272459 0.44149379 0.41858122 0.27640021 0.13256611
 0.29059928 0.44863666 0.43613989 0.84297306 0.91687259 0.6913206
 0.49284225 0.28456278 0.94036096 0.76425695 0.91524546 0.84433815
 0.17996958 0.43008321 0.33627968 0.84705229 0.79063359 0.52097982
 0.75096501 0.34011922 1.33607981 0.77596998 0.42085955 0.51008595
 0.61089576 0.65057892 0.34145579 0.47132979 0.80011223 0.22704238
 1.1412007  1.50467284 0.89971474 0.09745657 0.78262801 0.63998302
 0.59967318 0.47049164 0.4345158  0.92572065 0.0178824  0.84842424
 1.91022892 0.83957686 0.60880922 0.79845333 0.61353024 0.9110159
 0.67371622 0.83942043 1.68900473 1.23151858 0.13529726 0.98838681
 0.47739823 0.39818039 0.99482823 0.33061923 1.5509287  0.30876143
 0.76816938 0.09493297 0.76741091 0.09909026]
score96.83130995917578
vw_num::8
collision::0
all_len::1210.3913744896972

gene::80 popu::160
vw_list[0.82359979 0.99913167 0.1618306  0.97527587 0.49104903 0.28252912
 0.19716823 0.40654566 0.41094868 0.77818533 0.19080636 0.81385631
 1.70033201 0.10812096 0.76177077 0.63114614 0.70214009 0.32013048
 0.55327219 0.92709259 0.97374856 0.36813052 0.86043172 0.2361737
 0.83472441 0.53582228 0.39342686 0.56645522 0.03241718 0.35307496
 0.65304634 0.49016049 0.81211936 0.83645754 0.73718609 0.07249299
 1.3755216  0.7120677  0.63668537 0.28730721 0.9164515  0.9330286
 0.4335514  0.51436637 0.22538087 0.3375205  0.09600248 0.83948554
 1.5070642  0.7162343  0.32218072 0.36988657 0.93788257 0.84190846
 0.55173792 0.83109779 1.38251542 0.40878052 0.30369988 0.62829366
 0.97823859 0.8492737  0.88349566 0.08857575 0.64343894 0.99123574
 0.57766476 1.27805487 0.56015799 0.43707068 0.96088479 1.67854552
 0.74427669 0.37999064 0.31278571 0.38738142 0.94461266 1.11414547
 0.20175108 0.46628331 1.00064213 0.08899012 0.70076299 0.10945932
 0.40952964 0.1486324  0.22983677 0.76774579 0.26970168 1.07750392
 0.74772424 0.54354256 0.76312525 0.76730392 1.8470888  0.97889798
 0.59711576 0.33699098 0.76752991 0.31905873]
score121.42549925449246
vw_num::10
collision::0
all_len::1214.2549925449246

gene::80 popu::160
vw_list[0.79637341 1.83239003 0.0649829  0.18747585 0.4609441  0.06067596
 0.53505697 0.08929387 0.85675649 1.58006101 0.24690508 0.02212808
 0.3531001  1.71436846 0.58639419 0.51110096 0.68062606 0.30789057
 0.71856335 1.7493545  0.2328582  0.70939655 1.37473558 0.39728571
 1.67331016 0.44883764 0.3935697  1.30189764 0.70691343 0.75913619
 0.68997093 0.88473584 0.43346667 0.30496944 0.63546989 0.84131254
 1.38350738 0.54547014 0.92187507 0.95285026 0.35422276 0.06259913
 0.07646291 0.53967987 0.36970198 0.76779841 0.36238116 0.42223365
 0.69937448 0.64090173 0.52959713 0.58226641 0.3389467  0.67176261
 0.46144814 0.75918579 0.0939833  0.94389869 0.29447131 0.13787572
 0.66811408 0.30951444 0.49522839 0.5895824  0.03488483 0.79374698
 0.83782732 0.91032203 0.97161057 0.69200985 0.4758424  0.93254887
 0.57500919 1.32152252 0.11779702 0.58381948 0.95559176 0.46824992
 1.05557185 0.70171018 1.94352147 0.50959005 0.56417264 0.2627919
 0.52669866 0.17343509 0.39116604 0.54692027 1.99440071 0.27139956
 0.218086   0.76701841 0.84946908 1.71514477 0.88124856 0.32423618
 0.23431606 0.78731916 0.05975477 0.29767368]
score157.78367253306084
vw_num::13
collision::0
all_len::1213.7205579466217

gene::80 popu::160
vw_list[0.85915791 0.55697256 0.00767934 0.36564366 0.09004933 0.64827051
 0.82981238 0.87036473 0.36396698 0.14945659 0.40344169 0.71563574
 0.90899572 0.83966581 0.53716097 0.96100174 0.43443119 0.12054993
 0.22819244 0.00517889 0.26766887 0.39479597 1.93455332 0.66645842
 0.55137008 0.99318955 0.87880026 0.62199015 0.6520665  0.48432125
 0.66698753 0.53498627 1.61152095 0.77205499 0.84397612 0.57345321
 0.17074473 0.52629867 0.47362957 0.55694981 0.80801897 0.78064804
 0.51954602 1.42570571 0.34225873 0.08598069 0.56045694 0.81397232
 0.17463666 0.46824953 0.78145311 0.46119237 1.35572152 0.09363381
 0.91248604 0.68311934 1.14096624 0.69063858 0.98247932 0.98215936
 0.68795659 0.1539024  1.33677765 0.52626562 0.46303542 1.39790286
 0.91119237 0.39424645 0.84269995 0.92902484 0.32732635 0.77318821
 1.68979613 0.47461015 0.35705373 0.46838465 0.39020362 1.95676781
 0.79004472 0.97743364 0.9881686  0.24498159 0.06953012 0.5606415
 0.60729732 1.61981421 0.43063654 0.7782994  0.8903793  0.03293769
 0.45202024 0.93597556 0.2813763  1.58035866 0.89463401 0.61469153
 0.47199621 0.03947782 0.25056666 0.86733944]
score133.45338934595736
vw_num::11
collision::0
all_len::1213.2126304177941

gene::80 popu::160
vw_list[0.70542753 0.40250097 0.68995878 0.60189776 0.06762717 0.62018174
 0.53507181 0.4377928  0.63511183 0.54661855 0.95908252 0.89467944
 0.77539285 0.5753843  0.65201677 0.29390889 1.23641199 0.29106793
 0.60190973 0.46495788 0.45572726 0.09294944 0.37541586 0.66480524
 0.84685752 0.51645828 0.20588298 1.50926922 0.78183052 1.44531732
 0.41539007 0.76440024 1.51734771 0.42269315 0.1215467  0.13334688
 0.82698338 0.63726116 0.53242758 0.64634547 0.40110376 0.16280573
 0.52167895 0.27797185 0.40737858 0.44106063 0.19925926 0.84985916
 0.11323959 0.90310679 0.50821055 0.67637914 0.72364767 0.70901199
 0.42215758 0.88430862 0.48982078 0.18863382 0.8350485  0.51433014
 0.46916149 0.5783449  0.76275611 0.7592835  0.10991969 0.47225095
 1.11021541 0.27186256 0.73261736 0.23165924 0.76732456 1.57104858
 1.48278007 0.07624397 0.15279165 1.09012949 0.74466609 0.76347404
 0.77620436 0.73743508 0.82246791 0.77740354 0.2999055  0.91703511
 0.47617967 1.0226021  0.52496891 0.91606831 0.33027012 0.708096
 0.10026589 1.78552373 0.03875767 0.29714027 0.7816191  0.3343014
 0.44361195 0.844742   0.76886917 1.49530957]
score133.20024012690132
vw_num::11
collision::0
all_len::1210.911273880921

gene::80 popu::160
vw_list[0.6987032  0.81759098 0.76952377 0.79651963 0.12310976 0.95348043
 1.22310241 0.33233788 0.13624931 0.09088698 0.52516045 1.01041771
 0.14883608 0.89254384 0.66782401 0.64050536 0.85520328 1.66866682
 1.36305017 0.24251728 0.9953908  0.29912096 0.71584573 0.93652247
 0.7770445  0.8588675  0.34116286 0.23842057 0.40058678 0.16267291
 0.92302047 1.07074566 0.79220864 0.32107182 0.15540563 0.53787223
 0.87276515 0.95730374 0.86161786 0.34655436 0.99516139 0.06355718
 0.3858296  0.12032652 0.74470728 0.95454596 1.61939013 0.28312095
 0.8338365  0.27812607 0.82965639 0.31151643 0.45934573 0.25154845
 0.82358823 0.58524304 1.49752623 0.49767774 0.16614621 0.40434693
 0.67502573 0.33579407 0.63578459 0.56027691 0.46671396 0.55354689
 0.93940025 0.61951181 0.47231654 0.83571771 0.78767707 0.32269167
 0.34359966 0.14360118 0.9428551  0.85968119 0.39893229 0.05457553
 0.75923211 0.08698781 0.91845937 0.96821962 0.72097129 1.24850838
 0.66799167 1.87815004 0.18493228 0.78987628 0.46135259 0.29051921
 1.87830087 0.91942067 0.2970948  0.67428066 0.43305438 0.46348649
 0.88097861 1.36338933 0.60900095 0.67432295]
score133.33839362959043
vw_num::11
collision::0
all_len::1212.1672148144585

gene::80 popu::160
vw_list[0.80541601 0.80131902 0.40463128 0.28884981 0.92440791 0.59253957
 0.7538991  0.86777784 0.04343911 0.79781071 0.10443901 0.00595947
 0.02467807 0.48709461 1.44972425 0.30830741 0.55379933 0.5285881
 0.99692095 0.14894135 0.67803371 0.4884829  0.60495921 0.64347857
 0.64262727 0.57113369 0.4283033  0.73005455 0.28207713 0.86018096
 0.53946942 1.05690105 0.07147392 0.05756844 0.28830778 1.32701421
 0.65851439 0.36864195 0.84615745 0.04726307 0.71763538 0.23273744
 0.31925246 0.73966294 0.78300058 0.71006192 1.83726289 0.74539775
 0.39810616 0.4143885  0.82943583 0.4928554  0.93406141 0.06434569
 0.95138774 0.69611872 1.31810557 0.45852477 0.37319336 0.5461264
 0.3007929  0.63155865 1.51842903 0.55393972 0.40217017 0.88944766
 0.66673808 0.91803136 0.1159764  1.92742811 0.73787201 0.56712993
 0.61841666 0.23893052 0.86698564 1.86622604 0.95202838 0.23410398
 0.02731776 0.26155561 0.01273255 0.44633436 0.66779105 0.04514745
 0.93214877 0.05306731 1.64125555 0.49076847 0.12215273 1.78888928
 0.76025268 0.33060021 0.3276023  1.54067044 0.8523573  0.64032051
 0.09113333 0.87007873 0.39317336 0.79903061]
score133.3501679561238
vw_num::11
collision::0
all_len::1212.27425414658

gene::80 popu::160
vw_list[0.9932771  0.82208852 0.655904   1.10897618 0.64552943 0.70682822
 0.44458129 0.62955779 0.52489928 0.99659127 0.51640062 1.94795736
 0.45190149 0.37669006 0.5744935  0.20083627 0.60243985 0.11237793
 0.6660054  0.45370379 0.75279721 0.17403474 0.72687772 0.62525834
 0.94103341 0.20085366 0.71171357 0.22803975 0.81739754 0.63599334
 0.65804792 0.70400296 0.1937042  0.88653288 0.34640216 0.14857815
 0.42552189 0.63944279 0.61156234 0.11996805 0.20714906 0.61517801
 1.99929348 0.36695556 0.65893872 0.79323985 0.97976616 0.56616583
 1.50873502 0.61329321 0.37779506 0.0030215  0.1739857  0.43438115
 0.99638665 0.94151222 0.10096116 0.12204325 0.63086082 0.54956861
 0.0023108  0.77769356 0.60581364 0.61972046 1.04167172 0.0499391
 1.64709575 1.88708879 0.0570513  0.62135725 0.70035968 0.51912213
 1.91539466 0.36223972 0.77801762 0.44485012 0.89949054 0.55813207
 0.62341073 0.67912487 0.57665685 1.25990325 0.40636372 0.83580185
 0.73882669 0.14172928 0.88337272 1.56821138 0.22973886 0.21246592
 1.18186109 0.84918346 0.2293267  0.53480523 0.39520042 1.64680909
 0.34675404 0.95705888 0.77676298 0.50184543]
score147.17807227325977
vw_num::12
collision::0
all_len::1226.483935610498

gene::80 popu::160
vw_list[0.23287587 1.05421162 0.11272848 1.22983453 0.69406724 0.64003634
 1.88793557 0.65357679 0.37460468 0.80659521 0.79322701 0.65271928
 1.18104999 0.57670184 0.46829792 0.93592937 0.96861492 0.17958039
 0.16863584 0.76284124 0.12328947 0.84251205 0.85575864 0.86693725
 0.9141237  0.88978158 0.76213315 0.33646925 0.95775637 0.1833039
 0.87635802 1.59959185 0.17569107 0.60355764 0.87076807 0.46777927
 0.94252137 0.96519641 0.80887088 0.86199555 0.70131632 1.71037307
 0.26454661 0.26422481 0.42576628 0.7219876  0.83154265 0.22354272
 1.94640623 0.14924748 0.3277684  0.52128937 0.93834319 0.14657186
 0.42319708 0.44415738 0.29390391 0.24253446 0.37838209 1.27902635
 0.31050855 0.45817996 0.51081077 0.34133471 1.60144291 0.54749237
 0.06237105 0.13067448 0.90665819 0.59387513 0.85945712 0.40143428
 0.64958364 0.15256704 0.61276996 0.66466066 0.60251752 0.02502827
 0.72424543 0.83738707 0.6595657  0.35488316 0.24844682 0.26147703
 0.39362066 0.48030768 1.1820261  0.26533876 0.58063316 0.81254439
 1.3301759  0.84844305 0.22723941 0.4039433  0.20145684 0.16901334
 0.29600584 0.35706376 0.26554522 0.37775744]
score133.2604063160861
vw_num::11
collision::0
all_len::1211.4582392371462

gene::80 popu::160
vw_list[0.69633846 0.87131068 0.74232399 0.23098482 0.04554141 0.50446133
 0.6832409  0.15139711 0.47588513 0.56739978 0.03082025 0.1823608
 0.81378431 0.9653547  0.6075128  0.4663791  0.27711859 1.10723731
 0.76387976 0.78808543 0.28561919 1.06181169 0.9801775  1.47381174
 0.60820595 0.07573095 0.36909168 0.88541256 0.97973562 0.99202023
 0.41693674 0.96730425 0.47880233 0.30170774 0.50602412 0.87523621
 0.70594063 0.84229825 0.35198533 0.85268152 0.97935078 0.62354774
 1.89728869 0.85798784 0.95788602 1.60562672 0.04563807 0.83165158
 0.87312756 0.60957193 0.4687754  1.58418893 0.40559957 0.92462668
 0.38389833 0.97855036 0.63676177 0.67279258 1.27593805 0.27364584
 0.50191599 0.07742249 0.16655833 0.85009151 0.63448414 0.45975819
 0.05538301 0.72990117 0.71969243 0.43975951 0.14768871 0.50595339
 0.39958927 0.97570461 0.30956314 0.35616848 1.02761792 0.47017589
 0.13039367 0.78007267 0.61454741 0.40466289 1.29117009 0.98750505
 0.949053   0.05197497 0.13436533 0.90329469 0.69836859 1.9306941
 1.50400657 0.70889487 0.08626059 0.14502103 0.52371071 1.33110178
 0.7232161  0.50098498 0.21533651 0.90848272]
score148.13770217222157
vw_num::12
collision::0
all_len::1234.4808514351798

gene::80 popu::160
vw_list[0.05912369 0.74815709 0.70855328 0.6736425  0.63170857 0.57086923
 0.24367614 0.72784147 0.13009892 0.41846146 0.15753131 0.87220869
 0.51338438 0.38377491 0.87551313 0.75909712 0.58715665 0.64660393
 0.8605015  0.84736484 0.32915542 0.34222242 0.1491197  0.49589297
 0.74031704 0.7803498  0.13882016 0.64725115 0.20349107 0.15839378
 0.68148905 0.59973371 0.53705805 0.67953409 0.47521705 0.26317515
 0.61224764 0.95853991 0.60917793 1.03086979 0.7843341  1.64069144
 0.03496076 0.00956275 0.97683684 0.61495043 0.92861327 0.86951715
 0.5163325  0.51607883 0.15614588 1.52299806 0.67508106 0.73650928
 0.93942012 0.39551961 0.62855665 0.59804746 0.14632122 0.94087319
 0.3081737  0.87470378 0.77664465 0.02325308 0.76088917 0.36889851
 1.21190681 1.11515092 0.42276604 0.69686334 0.88160452 0.53244762
 1.18864333 0.70544065 0.09564205 0.30413679 0.68641171 0.57774142
 0.60795654 0.75305124 0.36638134 0.37627803 0.93316595 0.81021708
 0.36156091 1.27601694 0.02236462 0.61946254 0.61721437 0.49585847
 0.7474452  0.9074125  0.43082701 0.65974457 0.48082644 0.49146817
 0.76732152 0.56518744 0.51385878 0.48821597]
score84.83299119339223
vw_num::7
collision::0
all_len::1211.8998741913174

gene::80 popu::160
vw_list[0.31828846 1.11434695 0.25164032 0.50648034 0.6461522  1.48569007
 0.07792795 0.69881119 0.77367805 0.94023063 0.65648474 0.37795508
 0.12933985 0.74594657 0.42199788 0.45061949 0.03741492 0.51848435
 0.38866816 0.50926042 0.64053799 0.72165066 0.50260826 0.43895326
 0.62484823 0.09201535 0.10747213 0.17613762 0.81624807 0.5622235
 0.51935528 0.56907986 0.83101616 0.49041403 1.1133188  1.09752573
 0.58592612 0.44941082 0.87559848 0.43205525 0.30015634 0.59535826
 0.05955889 1.70739794 0.38155326 0.15345586 1.85194586 0.14325403
 1.35724163 1.47310343 0.54840707 1.49967262 0.94371957 0.29586058
 0.04873018 0.719226   0.37853816 1.85303567 0.76145099 0.1700683
 0.84437024 0.22068673 0.79086717 0.21179838 0.68513974 0.76970269
 0.57393759 0.92950071 0.95677165 0.48560311 0.38038239 0.29626811
 0.92207405 0.73578813 0.46424255 0.90763068 0.283709   0.90302013
 0.26064383 0.45596527 0.27981463 0.88770122 0.23517767 0.59098618
 0.98330573 0.94860377 1.62051312 0.08452274 0.86404732 0.96981726
 0.46708662 0.44135459 0.66777924 0.48335104 0.69126512 0.07844931
 0.72744397 0.2403417  0.54386319 1.86980157]
score145.31079311885946
vw_num::12
collision::0
all_len::1210.9232759904955

gene::80 popu::160
vw_list[0.8211371  0.84771304 0.31500017 0.18467096 0.40945104 0.92347645
 0.49228865 0.98438366 0.16470355 0.75352388 0.54290778 0.57139917
 0.42479834 0.44203509 0.94331101 0.53164535 0.30058355 0.97143669
 0.37999328 1.99348618 0.08617216 0.4418365  1.36694345 0.95167011
 0.07041873 0.08901805 0.94682658 0.46954712 0.04474788 0.89999011
 0.83569016 0.1289011  0.71959127 0.91355253 0.38367779 0.74933001
 0.48722134 1.58179094 0.89644099 0.68345284 0.26795249 0.66586432
 0.59078034 0.12583187 1.35447562 0.68394534 0.86970547 0.7708809
 0.90185097 0.89370988 1.57968804 0.85763417 0.17251999 0.46535357
 0.37163078 1.14964829 1.55027276 1.65721417 0.93014332 0.97175684
 0.06170515 0.80169623 0.52142442 0.68986052 0.63948186 0.94162717
 0.91824953 0.67916987 0.18905799 0.72382187 0.10609983 1.21352718
 0.28668561 0.6670943  0.53875028 0.13744217 0.85376847 0.84530126
 0.84244482 0.29789217 0.85659623 1.56200405 0.29666826 0.35270692
 0.36409297 1.45654289 0.36867503 0.61640946 0.18716271 0.79377595
 0.82203796 0.58458786 0.53773667 0.53642596 0.38526751 0.95087126
 0.61755291 0.37297453 0.76485301 1.781306  ]
score145.1796227511148
vw_num::12
collision::0
all_len::1209.8301895926234

