gene::20 popu::20
vw_list[1.81137864 0.52274499 1.13402138 0.78637467 1.95005704 0.93781118
 0.88650546 1.54717927 0.96827032 0.77519424 0.27533573 1.40034722
 0.76589063 0.60064831 1.02310565 0.57674964 0.17082542 0.10074484
 0.22298753 0.07569634 0.11837907 0.30681157 0.75006205 1.32664997
 1.27792504 0.65558415 0.39764129 0.89187206 0.09555545 0.80953836
 0.41320664 0.79740487 0.53921166 0.9979817  0.04353136 0.44751509
 0.45247015 1.27868455 0.84165523 0.21357977 1.84821691 0.77996394
 0.52248766 0.1257775  0.94031644 1.77805571 1.58506316 0.3597269
 0.21960503 1.48403515 1.49851263 0.645692   0.76972397 0.46233888
 0.52789179 0.25849998 0.19466334 1.01010484 0.31426389 0.77038134
 0.36184242 0.86901874 0.92235762 0.10111698]
score285.34629411678145
vw_num::15
collision::0
all_len::1217.4775215649342

gene::20 popu::40
vw_list[0.42020996 0.41414325 0.31746459 0.38437167 0.94884988 1.24504847
 1.4175853  0.45837388 1.11345915 0.36831173 0.67054128 1.01790672
 0.1652922  0.47713639 0.04965196 1.9602127  0.24959881 0.07358593
 0.90280097 0.69033164 0.0339283  0.50802839 1.81566159 0.58923137
 1.83098246 0.35094974 0.79333742 0.80175592 0.71685709 0.43032318
 0.98149164 0.73664708 0.85959042 0.36138692 0.58427032 0.83846146
 1.66154167 0.17886407 0.28413994 1.31784487 0.58888652 0.95373856
 0.07247592 0.98475789 0.41050976 0.38375861 0.0559902  0.98479393
 0.11163942 1.1046525  0.8246829  1.0930045  0.86147355 0.21502015
 0.03680204 0.84635559 0.56526939 0.3434765  1.04935913 0.557129
 0.59021464 0.8310244  1.44823988 1.40054459]
score267.3331704666052
vw_num::14
collision::0
all_len::1222.094493561624

gene::20 popu::80
vw_list[0.57948914 0.84660871 0.23497135 1.06700163 0.68125341 1.57777013
 0.99042611 0.21633909 0.06334436 0.40252031 0.32741889 0.9208721
 0.98155333 0.75347967 0.2815102  0.82165339 0.15047105 0.98870706
 1.02202559 0.25327374 1.13633922 0.88367247 0.60107958 0.79182886
 0.01412548 0.52332237 0.88611009 0.210569   0.77005012 0.83566157
 1.33246015 0.12681062 0.74843854 0.46734188 0.85313524 1.44374391
 0.60057056 0.22444779 0.73169985 0.17635842 0.39760884 1.46793756
 0.31396635 1.2656038  0.08163623 0.43940113 0.60123389 0.2555952
 0.33466582 0.4131567  0.15709313 0.69910149 0.9610289  0.88606743
 0.43309039 0.89852285 1.05736874 0.24912312 1.62490402 0.08312443
 1.53483549 1.58804333 1.02798057 1.63956185]
score263.5399789619521
vw_num::14
collision::0
all_len::1204.7541895403524

gene::20 popu::160
vw_list[0.89504422 0.53382057 0.63418387 1.51147268 0.85958803 0.99245413
 0.43906222 0.99714244 0.75233873 0.73303145 0.58956277 0.62951251
 0.98939861 0.49989133 0.81901343 0.46671629 0.37819843 0.25354505
 0.37640821 0.9986434  0.42882264 1.74789814 0.99087909 0.97013892
 0.13080521 0.06807407 0.25451711 0.05485959 0.12422056 0.85833185
 0.16364464 0.7345287  0.62750807 0.40514645 0.81763338 0.97320385
 1.20765353 1.85204936 0.46425081 0.38150097 0.65295173 0.72398149
 0.28081437 0.67315245 0.5681265  1.99782779 0.51458748 0.99140914
 0.44563303 1.13948064 0.97452329 0.94946289 0.83349666 0.00295585
 0.56632149 0.86852395 0.53604355 0.82916552 0.77059884 1.61839315
 0.24932756 0.60554552 0.61381383 0.39216708]
score131.70662206949336
vw_num::7
collision::0
all_len::1204.1748303496536

gene::40 popu::20
vw_list[1.68179151 0.43403687 0.9686869  0.19987017 1.46467286 0.13489987
 1.67321748 0.2137051  1.44415619 0.23008024 0.02717157 0.45742228
 0.94102834 0.03887358 0.33042213 0.95776177 0.38215108 0.07419181
 0.73323451 1.62346906 0.51768204 0.88886237 0.16448294 0.22210409
 1.77233202 0.58243949 0.8020287  0.09726816 0.13644129 0.76584993
 0.55531307 0.55418795 1.91347593 0.87987618 0.43914569 0.15726649
 1.75108489 1.97975771 0.30006205 0.02893823 0.45915839 1.25872319
 0.75733541 0.5409698  0.71584793 1.30851249 0.7518694  0.07629242
 0.73499691 0.03636174 0.76056086 0.58981723 0.82511527 0.35320182
 1.1300832  0.97429062 1.96073965 0.29634695 0.42073248 0.95285475
 0.04254736 0.60902718 0.35441264 0.65830271]
score245.60495208758437
vw_num::13
collision::0
all_len::1209.1320718158

gene::40 popu::40
vw_list[0.31012862 0.88595114 0.62457313 0.68487278 0.31645611 0.86763738
 0.27860368 0.53947461 0.14015977 0.9509398  0.25129582 1.80407277
 0.71413558 0.98138692 0.74301999 0.9794973  0.85179945 0.5772728
 0.11852614 0.96919695 0.8483151  1.6151688  0.16625542 0.23207646
 0.72897291 0.14125452 0.15728176 0.09488091 1.23813554 0.66072095
 0.32268035 0.18779228 0.21732184 0.31979395 0.66522782 1.13068277
 0.22377994 0.40864896 0.42784106 0.16690959 0.3818094  0.96983181
 0.91545085 0.86933002 0.25776983 1.05738039 0.06754659 1.74116202
 0.09227726 0.62609641 1.01996123 0.75536118 0.2820624  0.08694152
 0.36295912 0.14962738 0.36049464 0.39818013 0.53964794 1.54108758
 0.04156452 0.99523291 0.67726178 0.08081543]
score150.51037422547594
vw_num::8
collision::0
all_len::1204.0829938038075

gene::40 popu::80
vw_list[9.40199067e-01 5.51198555e-01 5.57149960e-01 7.35862364e-01
 9.98495621e-01 5.46669263e-01 2.81146536e-01 3.44400656e-01
 6.53516709e-01 8.34863468e-01 9.20296402e-01 5.40203782e-01
 1.47229257e+00 7.96818339e-01 5.58788246e-01 9.91105178e-01
 1.80927058e+00 6.15203017e-01 1.01174574e-01 7.52295841e-01
 9.86662170e-01 1.98776969e+00 8.92458721e-01 4.51594879e-01
 4.32322192e-01 5.37190779e-01 5.76463312e-01 4.28545569e-01
 9.42628914e-01 6.24243816e-01 1.80415232e+00 1.73937368e-01
 6.42048281e-01 5.05390608e-01 2.01692747e-01 2.52776042e-01
 5.90739753e-01 9.25085712e-01 6.08359158e-01 4.77258159e-01
 9.89449247e-01 1.94352698e-01 8.31832251e-02 8.91853580e-02
 6.80661716e-01 1.66101777e+00 3.58657374e-01 9.61498898e-01
 8.06388397e-01 4.07688297e-01 9.58133034e-01 9.31322038e-02
 1.70033674e-04 5.24184961e-01 1.05274372e+00 8.89845155e-01
 1.69605289e+00 6.63028272e-02 2.76844554e-01 8.67822127e-01
 5.63305591e-01 9.44650890e-01 4.65122773e-01 7.56055037e-01]
score132.09543364082413
vw_num::7
collision::0
all_len::1207.7296790018206

gene::40 popu::160
vw_list[0.74682664 0.98736503 0.58673099 0.26668499 0.53573786 0.04104621
 1.28725372 0.1896949  0.97725851 0.21216015 0.87773936 0.60686494
 0.80610411 0.21930622 0.75882299 0.26138405 0.66972201 0.86305335
 0.89365514 0.05598701 0.7995355  0.06042919 0.56636845 0.4876208
 0.94675653 0.82369878 0.69419858 0.41066807 0.73148684 0.25110219
 0.14395339 0.45776901 0.35957454 0.87122127 0.62077621 0.34969509
 0.44520547 0.94445169 0.24470826 0.31117265 0.46660572 0.8670437
 0.18839351 0.91427731 0.02975197 1.33383095 1.94211719 0.48243584
 0.40449362 0.85130005 0.03815087 0.50464243 0.79068141 0.65280782
 0.37224852 0.1305663  0.4558428  0.15426037 1.10734691 0.23014535
 0.38686147 0.86498306 0.3200209  0.96181656]
score75.3413627354504
vw_num::4
collision::0
all_len::1205.4618037672064

gene::80 popu::20
vw_list[1.82212445 0.82572838 0.96449306 1.85923165 1.00313961 0.21450104
 0.31611067 0.71910618 0.60312851 0.92627811 1.56926764 0.82501772
 0.03301746 0.70982491 0.47128297 0.09358136 0.43774557 0.33932363
 0.57296995 0.05317274 0.91201374 0.27656787 0.01548132 1.3858005
 0.72197087 1.19294566 0.6516761  0.11841375 0.83176982 1.31274892
 1.9290778  0.99816882 0.5577141  1.45742062 0.94469659 0.08567733
 0.98757115 1.99937956 0.59566102 0.31420792 0.99520689 0.8930217
 1.74362473 0.23521779 0.56231738 0.85022459 0.34270862 0.5906867
 1.02658458 0.38929526 0.26851906 0.50907957 0.67859797 0.94099659
 0.27257012 0.75392203 0.65194489 0.52330848 1.3473064  0.19672196
 1.27739422 0.74537961 0.68188333 0.37683521]
score268.39393437648755
vw_num::14
collision::0
all_len::1226.9437000068003

gene::80 popu::40
vw_list[1.58429895 0.10772687 0.74331742 0.59323275 0.13237631 1.86741526
 0.9273     0.49145277 0.55841843 0.67254463 1.46423742 0.38545169
 0.68429038 0.60469574 1.626214   0.07707254 0.84274551 0.3353887
 0.12540395 0.19375906 0.26893813 0.87703826 0.72984855 0.42323428
 0.40281744 0.6657912  0.14874399 0.52057458 0.67245764 0.9101067
 0.27949193 0.66262928 0.6248997  0.77001392 0.42775302 0.38661659
 1.15224709 0.90449292 0.99037565 0.76652389 0.51732466 1.05206339
 0.71202652 1.9684937  0.90861949 0.47118225 0.03510723 0.4681511
 0.36445666 0.75614275 0.36687613 0.23013664 0.37484896 0.79212622
 0.44599432 0.788489   1.87742428 0.36117418 0.4118226  0.3837444
 0.54724431 0.98160705 0.30372311 0.82667117]
score151.71510984439828
vw_num::8
collision::0
all_len::1213.7208787551863

gene::80 popu::80
vw_list[0.41683657 0.42508149 0.63221373 1.60938615 0.98358842 0.41981619
 0.41637599 0.73559625 0.14440445 0.2500023  0.42187214 0.87625206
 1.61866516 0.07713979 0.80038359 0.81942124 0.96615476 0.49286057
 0.47534813 0.58249458 0.92961657 0.61927788 0.93250993 0.52253948
 0.42614475 0.50863427 0.00719169 0.76712521 0.71899066 0.0249755
 0.47994491 0.7642456  0.90987442 0.25071931 0.94499416 0.96508499
 0.37827328 0.23727411 0.85600632 0.35020389 0.82380487 1.26022748
 0.52688723 0.47889459 0.94307198 0.17703198 0.67184548 1.25479872
 0.91111744 0.7083091  0.07790026 0.82199606 0.3782666  0.95392287
 0.64946344 0.85254026 0.26066404 0.42748705 0.2521961  1.56017299
 0.96899223 0.53093482 0.7075068  0.84695634]
score94.06720131648852
vw_num::5
collision::0
all_len::1204.060176851053

